216063
448881
448963
96023
88232
794327
843343
631927
90133
427511
666035
598848
709607
836901
174251
637311
894424
730084
918401
304240
960306
860673
462038
516314
34145
144285
76796
851846
186649
155211
598213
853291
644567
258012
126826
816298
697718
929661
432964
849145
52915
536328
316454
696062
781788
342824
561995
764347
336953
72983
602771
2684
629891
515088
479284
114751
237313
193295
62337
794421
5657
6286
277328
194371
774664
35463
263286
201464
447788
813448
767458
606206
211499
645072
207788
841787
442760
716531
578424
899758
626905
929496
571792
615196
521069
742530
848919
850424
353804
732831
93253
359463
919569
375679
818597
523734
888201
620337
518845
512156
