798669
301720
511521
822977
419405
912655
10484
68913
21118
203396
791310
937790
373473
535600
417575
594247
235334
833574
251444
303290
873336
697865
525663
741706
231128
244293
824179
478845
139784
486479
889125
157703
837883
969875
276083
572302
383013
445000
749549
72374
214230
211146
608233
709250
581390
813620
449978
395883
252442
676725
9664
794901
90086
266327
27191
761134
616906
97033
849437
687826
194026
577864
360289
658877
549782
45449
273238
245389
416812
511904
491456
69828
696693
944070
442420
628262
358343
298982
703310
157782
281088
723118
472330
921879
725020
934173
354488
957671
913998
60943
453992
425411
998706
915879
623347
264431
354568
426682
303546
66811
129095
366973
500289
577049
900167
147018
506505
437965
630038
880916
317398
585947
518609
308647
970133
509871
760031
293010
154362
497110
73567
408300
828346
422981
601440
682494
128662
881813
802866
43191
165715
2292
676897
326511
469465
67017
825394
874385
566983
74352
37670
879561
562003
919159
239047
925119
956830
28678
17370
929501
405216
265004
467584
969533
3492
20032
978477
431972
766341
387711
143697
32416
645364
294915
468222
218183
816495
848861
764210
44405
241624
325726
138582
591324
797331
654391
529950
279838
398998
352719
993167
546961
421670
791927
720371
131788
721391
114894
617896
806215
7913
878967
484984
377259
594654
986906
463390
194764
544951
992181
477664
579987
611751
780958
361524
95334
640907
435246
88284
380311
916222
535793
735513
301618
453088
400847
612011
372907
383273
221437
222302
73757
142981
92421
167507
682991
152719
420361
541407
145029
804430
520872
473144
184885
351722
72667
166514
730883
911749
351107
783793
714610
736341
800843
340348
545129
430798
702864
942495
477925
833498
209373
621970
350539
558276
780017
965746
283452
973891
922832
721008
187453
857088
508883
723098
640350
392185
246420
542448
902018
874514
916882
993298
217534
110088
526
917303
398542
603731
855773
841712
296296
215728
524393
940504
500926
926661
78390
611549
656446
515975
285950
677194
222519
677129
831364
42940
447914
965110
382459
577886
401000
505168
2183
73753
785525
761025
463970
825704
987959
766178
748610
957328
629535
161212
642475
68165
96145
509368
923757
588869
67561
326318
165969
572671
146632
187716
521177
410492
517290
527614
438835
884386
707993
978133
534768
445792
638219
456362
288795
18655
798863
183514
823483
679717
503764
84070
719411
893632
995609
387451
388469
488064
129134
888841
564632
572910
151866
238418
328685
987659
823534
388610
791064
589254
619938
237332
691571
599524
983051
937333
970037
769444
28400
315432
594287
807886
404860
281154
778425
279330
712095
252426
571952
888227
940515
946318
265334
309438
430885
870314
648241
166578
701565
991652
875758
393461
308739
141394
967343
346236
656148
704928
540675
757642
45209
999933
326293
168816
98907
975739
255956
453122
996217
433984
953388
979477
40213
301706
403435
470354
318489
930624
99725
139396
948963
769821
698574
493977
493243
263649
228345
615737
638056
43026
714385
819413
681078
374750
989334
347082
508122
246634
393232
355521
599984
782460
493047
221722
779281
691801
511411
659056
706698
254222
988936
685624
133936
771660
197989
615086
249689
303753
817487
226200
775854
619215
945836
233152
968752
970981
715605
412641
260588
960975
209463
180514
459760
731431
32060
853881
834018
609508
534749
472935
130461
430368
115416
623094
674578
776129
884893
800327
969541
776940
718819
194970
643605
8586
629883
815369
744892
14410
472069
926070
561255
475481
4260
606601
546580
474015
685347
704124
533416
303060
815769
990384
698768
100572
71582
607483
899057
486290
17112
18242
62195
877683
87816
948716
397923
585137
630869
102097
24800
488796
135463
722380
807063
516484
278400
687019
459242
908830
672529
64832
915162
323612
746218
189276
202646
958669
495846
259565
220831
870382
187377
763438
625701
577810
499935
818607
758430
807857
671954
383628
264897
137290
19106
661967
87223
101064
894634
187154
841664
80277
100311
772722
10157
558765
176805
37379
232777
761007
553360
16536
561310
46525
73199
27229
904529
255117
404761
842626
818903
955939
902733
163772
520222
603667
230776
993370
740316
31567
229538
676517
411841
340331
846338
535581
282313
485768
66603
529345
917375
6564
656407
460835
506130
47000
54611
230924
17095
704214
607412
287779
673126
371140
743076
983768
396138
849871
468320
120457
964825
235058
753345
289236
392945
466159
535038
669898
118496
446252
421024
823197
670750
658798
363977
400652
947364
547908
50856
370060
694658
208405
597770
16229
917810
372055
581642
859739
791140
512644
763887
352238
371839
994961
517787
695340
176103
839957
863620
818860
519444
733243
51748
492202
966853
407688
204831
459425
625421
858954
335982
470290
437020
706698
860898
344235
200106
442757
566940
490484
218444
466108
632135
581297
340861
106877
987130
225321
969116
994750
407813
513522
306475
425611
900268
947732
841419
66071
470126
342450
873609
595168
69765
519866
339058
319105
520778
394248
336480
717781
367787
723957
139956
473017
120755
414341
820469
515698
56747
492737
716958
437125
901734
402840
384687
715586
983958
599569
552205
79514
685168
415647
130517
359446
555834
167215
559915
311555
566080
62581
482784
863427
698946
815651
376016
913518
338808
187099
359037
109358
874338
418477
368702
4484
74334
99475
134138
238663
766580
64055
30415
681503
601611
873023
981971
204369
336738
407195
308370
763436
944667
260649
828367
911160
221355
845521
373156
717528
770643
649182
663235
73143
799030
360919
789245
193450
310964
728357
37627
298552
441025
434736
543852
206804
192917
512220
569292
151935
124805
25790
732182
758030
441321
322288
684063
12836
975700
121684
22252
252984
109493
698169
412980
374977
725620
522388
471546
862001
740275
408043
515931
855905
590092
887617
73766
167823
593330
761542
142424
803438
107615
847313
976490
455905
655045
878656
416766
144842
869615
503951
249032
235452
335335
606874
201817
234893
52738
27178
424834
208016
928208
20724
554346
678172
165527
966243
271967
565215
108250
113637
389198
405239
451340
377944
726565
939170
749448
229622
484818
105878
653968
838874
31980
678245
560104
997651
328702
90884
445059
327532
398188
12139
42371
314016
474196
211390
402194
945532
245436
269627
710200
918231
339219
422196
323063
295243
129038
537479
416872
971029
555836
766287
726861
642279
499631
940746
585313
839223
343620
746116
19341
314672
262417
280609
976596
858748
811126
555425
178096
962565
870657
820818
97798
287231
832351
542923
880522
834138
238978
803663
748565
181330
456539
461621
641205
459468
597904
256059
919918
112195
266250
546169
117587
59334
678649
249638
912942
632756
799455
6086
662453
874306
121796
34494
895735
423809
844955
454917
437008
67083
789660
957826
773361
699881
79357
418221
158120
662112
52434
292583
558397
846697
338461
32092
449464
330522
482943
49830
508995
925437
911185
57033
279027
973750
10555
918707
128472
753520
979270
667279
345882
169426
690916
705508
291736
212483
73157
875268
853374
126649
879639
578745
113265
98477
863138
938598
881492
668592
556757
12809
694639
665498
880691
154920
576097
359001
587414
243988
42119
451659
251809
700842
111989
130906
790418
466623
975446
162342
55810
403904
642463
815243
562652
187810
713425
709324
482367
867041
824347
841082
515551
947544
966053
248898
459901
237042
350248
278954
148650
759221
799746
323184
125742
610094
824238
189578
610963
282856
340170
227800
690084
967107
421815
772022
608908
868654
234958
532171
916468
831267
120399
401137
239829
649162
895460
885337
215039
128953
488945
412385
722567
594285
62095
300804
8551
942448
470195
788223
35484
188493
206111
616810
64277
187450
314773
639156
683800
134897
31103
59809
396123
243398
931151
724877
362816
307348
99290
775089
482166
68094
906120
679905
19017
743720
979230
421019
695789
231662
845420
450428
371554
795387
50130
504849
622357
689320
465675
398939
997112
576573
326212
52529
873098
323000
22407
784463
793136
939855
724729
883399
735761
62444
87877
383522
376447
533797
476308
786136
714976
742690
268512
701151
547701
747582
411448
442114
519281
445959
463180
437219
318628
365526
312996
41930
627949
146151
435411
390443
421702
82981
121096
338179
539836
979607
391042
881855
135478
1349
380624
763872
520477
705035
315854
160255
817404
61444
69571
935954
608940
144440
448108
674281
80749
378421
915583
968342
196631
311846
359906
298667
836952
458042
96372
268467
30284
101501
955123
725076
830712
919718
828310
332277
870026
352757
16775
625041
244057
165001
233003
235938
386785
548701
318499
349473
495932
882909
606218
180007
476520
500220
7561
36880
962773
274140
662181
466312
981584
294933
765683
776230
719015
847933
319964
753420
543431
642690
961426
521135
811825
50065
774400
764375
684280
204177
717001
770929
811122
253441
556571
310008
737386
755765
822819
152018
137374
438504
759082
885978
300218
203583
227690
182720
877045
640701
204755
467277
390449
552608
565748
160133
310835
892339
420331
246751
300159
675370
49640
13999
171266
680451
504005
73031
222760
273532
405793
261940
773919
392005
488734
230574
839695
259462
794515
105719
899504
613481
115868
678258
394344
708820
32448
72070
104043
590448
401561
697553
84154
118299
501811
521785
727723
663478
966866
867286
182155
304892
589756
360566
921824
8826
90745
569256
402581
775678
68423
48071
211029
67818
254153
923323
721661
890527
341589
607375
468140
350812
532370
841399
647252
341035
178622
541061
949031
819554
510493
644535
857136
633552
828722
359729
285872
802285
260347
291967
635014
382647
610315
392693
372459
863751
47252
432373
797210
137447
707063
468211
369866
174069
130268
477478
784877
985926
370424
694174
403867
874306
43742
647866
654202
11703
813497
558458
762818
895987
65679
153681
237885
370420
774906
788428
688156
917363
656911
462595
361026
563853
985578
627265
875768
173846
92034
149883
377957
811168
619060
494862
586358
219118
85207
929743
25349
249095
581837
638371
115729
584046
792011
758846
654932
994662
315698
24961
695110
571080
982587
368379
204666
936429
804887
680403
907668
628635
748421
204847
517242
862971
947015
317509
416319
887314
842837
906697
610512
5911
166938
444040
283810
189229
417998
989877
507499
50233
918992
639045
617381
978756
802465
451061
374216
965468
808834
405167
487061
601457
766280
834086
982501
701003
747921
899467
863552
449444
297739
364779
45580
407205
852441
447589
584160
171217
539857
983522
527793
59274
830231
963188
760906
69972
195773
143399
770194
594187
641066
897558
832451
995088
496685
872575
493862
872791
600247
319399
203017
691956
807259
373357
173133
727765
657268
546215
551711
625591
300609
937889
526173
489223
711904
645215
7257
289695
342200
347017
284967
737284
817245
298880
63241
297912
376605
856612
146319
554663
392779
787910
440417
837537
463912
826604
573175
771160
853790
152547
796000
178097
478715
151675
794985
312923
618346
178396
38356
985864
943004
984406
121255
665733
661106
814601
621240
400358
735764
402937
721313
345523
822646
139220
81453
876287
391467
198185
681138
514090
768946
165158
729018
818305
909765
735496
798623
134106
570206
88415
832879
850200
473691
55652
663726
169372
982033
628936
297602
664031
433031
493933
766058
782096
735734
730385
486262
759785
523047
730887
147161
162702
721167
496631
654215
708986
637333
938008
219726
279046
263129
795578
123801
125883
21588
705781
110601
348405
356007
775006
968829
183801
879578
234544
503056
240865
80507
977831
814203
400287
184
654034
555925
914787
190068
218822
585661
334136
42038
28364
401528
433767
427804
159811
672866
222354
726657
711504
109639
332234
533866
347628
699573
365458
721874
875033
949641
133014
424819
672312
101884
338598
85373
214148
346838
789156
440416
588663
911080
801848
450627
601165
468775
134008
461623
967793
986520
659892
593242
770966
691164
360255
459015
855864
817094
577101
111153
174340
173562
441892
272910
438624
570361
31183
549441
565680
261133
407635
629080
83346
809554
818635
465767
526219
94151
584570
844800
652080
644961
620102
46484
384858
365191
143446
624896
6959
119571
209565
856622
594383
954600
109621
13110
917627
805270
142031
575346
203862
63430
626293
400459
631139
742746
717135
131055
780314
321274
868833
283876
957052
383620
52729
962159
246940
630111
229634
794701
52415
506556
174729
646876
445331
635004
699570
368302
975528
764602
722440
978251
818655
137741
914362
948411
148089
470763
809326
51468
695791
388726
951111
409398
752239
437003
772716
29940
511822
570
104505
27214
764499
675094
560840
197070
1722
481140
782750
13231
423037
244248
660751
420727
681255
497040
696460
643444
746454
465181
737034
228176
426670
596601
204391
922381
483340
159230
220744
97677
37440
266050
800076
20052
135000
104972
287281
626465
642219
700852
160925
132846
968804
877265
398455
895814
378012
936664
9407
499738
824571
835733
494757
484179
560836
847958
42044
339336
672692
341678
932345
684977
833524
978962
756824
14964
852116
116984
315623
978944
876557
292977
10146
632791
569208
705450
240816
869622
240423
844927
337653
802458
788000
744997
15846
366785
128731
142653
935695
181535
188502
113835
110299
637298
500703
868056
810104
687316
686075
16937
501980
141773
564696
359131
440832
582498
436709
691318
851901
618873
957131
243307
987752
286312
60140
597544
903125
797625
542741
642014
693220
420584
127538
295016
586382
968893
412374
39694
681258
720372
3543
491817
341027
543749
117862
342078
669644
947355
824010
668345
268311
610974
355501
163287
280663
436503
553223
60540
304240
432786
273296
267141
589186
564166
685332
392031
587383
874213
107332
244760
450398
343292
285000
196144
640477
638059
483803
155357
339506
54384
788824
350183
260406
295266
599394
529027
82481
77146
218964
62529
343834
512440
980319
846954
456202
336083
371828
709571
276049
603346
448938
109101
742180
705410
793625
568447
967042
256628
703960
203203
782367
800267
793246
236618
657445
520907
850972
133944
852363
273023
814035
408032
878663
569646
453572
296533
314323
131022
598575
840915
586552
895409
964474
918763
860315
670464
889371
30479
423447
190689
446668
41796
854854
304106
194549
975933
230405
634484
518199
105117
860369
315097
215208
967676
524097
315686
859785
780823
481509
186081
583125
418864
9887
572437
560408
274213
447076
633715
804803
439419
455058
497940
915150
631142
870723
45516
712499
304577
911330
970111
548597
872593
511418
462899
356507
532883
37985
574504
333285
697511
458982
807981
514963
195421
447215
11933
43304
526328
897822
546962
603873
91256
855251
950361
71423
670260
612365
294471
899881
434908
883831
241098
768899
864791
836885
463283
798621
296579
17129
490551
581896
404404
278135
757173
612137
250405
333261
810022
334369
499264
75410
263710
168037
922393
689925
206787
101166
620091
691083
481013
494950
81646
833124
561881
272671
983919
113910
828581
539953
907333
600778
755352
588154
856626
827634
557748
729438
438109
746702
275966
517088
278491
115367
192569
568853
900797
306350
738863
301025
977948
448540
863332
76919
607886
410121
345024
746732
123936
724434
229169
505668
532834
743309
966441
809904
622199
483574
313869
889625
139507
591868
6822
305462
788965
506045
691382
468259
621054
306163
349897
615533
457886
83932
448076
516082
539967
534464
581408
898566
157000
542452
39806
789055
456622
310275
567831
416453
239371
253512
758941
961421
902463
479140
302604
899839
243112
211049
795676
748088
779878
71599
962953
475743
959578
845965
878709
5528
65118
685322
336911
787408
216927
848451
743704
426618
670700
696621
198262
438482
229764
50894
290952
422510
520781
674501
102159
72153
182717
713337
819694
455830
634678
421332
855001
435174
78534
319672
61722
703101
840966
13557
146476
876240
399258
768566
693793
208581
146787
913130
309128
573095
764149
629280
34894
414037
175287
797722
475672
432484
16289
64904
946895
917257
982147
596282
686997
188743
381584
85850
478846
189874
737381
374071
597321
944168
472189
704969
771748
520077
301923
951002
943269
748320
249066
720597
993978
962792
316474
316895
457759
506670
187613
137268
547974
233558
176114
271613
958592
207976
187918
796322
654750
978926
216237
849808
899139
360992
952059
365439
82503
868274
927378
572417
934045
268962
416672
903044
439684
825135
877113
634528
3747
825399
693217
639202
214550
321429
674127
409
128848
913951
118332
480050
183792
491944
834553
655147
185923
478424
796237
819832
598403
156325
836766
234317
673087
505533
729340
115114
889616
732545
704846
49348
540212
258342
686892
811611
44409
835181
399719
357062
795707
562652
543729
833113
543570
462828
158551
844588
10951
281493
157425
912370
85029
580919
659670
400785
613250
913256
603058
722427
229508
803174
356557
57088
84701
706178
990185
111426
181482
853839
132057
441077
66152
784387
906731
539941
738547
566930
781150
593487
838952
227335
546407
67877
560090
966648
415087
687277
127311
24941
217687
145638
496563
80090
247933
772746
354297
807556
857720
829053
181586
841183
275789
654174
293127
397704
493519
128655
478138
511370
632311
257676
651504
956931
301676
248419
173065
529203
780789
437042
128788
340402
993172
974437
701989
936037
549241
977426
484478
847358
294857
889378
818533
206180
560086
588031
731495
999609
1625
781829
856958
548370
908766
207379
428806
816653
233128
756164
809419
431201
136055
274746
39073
102089
108294
636411
890309
168853
723379
97715
257533
875471
116420
651393
143971
315881
321915
395517
140151
479008
135797
421293
265160
91609
493245
664148
566120
544926
610614
284482
585716
795787
267263
880952
47799
290288
398175
693944
35216
778365
455112
816510
919426
440526
923438
290074
32995
545255
649141
976541
816838
637210
828169
98492
117051
865809
705680
730946
698470
313725
343344
658340
275531
373424
457643
424456
380611
101807
603707
242150
696419
243874
318066
767192
455892
89158
457427
551635
87275
663246
641052
596369
747358
589325
798112
978258
218453
74342
889042
891390
45791
962331
219510
834404
896155
822967
841288
448814
480301
635170
627011
86750
651164
39226
963782
402884
174263
370152
594177
354795
740824
743753
447072
95146
848259
408065
943557
873791
194902
29748
300416
25697
808949
497876
94776
379549
18527
575599
871893
984174
71023
603227
953953
635719
464442
44318
437149
755752
401034
938271
369279
793095
550966
133583
859402
471670
805597
331022
992457
566326
848855
78590
498857
522403
107446
184506
700309
565763
142435
340587
864053
769468
592858
696302
541847
68289
959066
374541
110608
618135
514999
847060
748609
233521
437054
238282
73774
166565
374830
365605
349981
300131
464874
485647
49800
758671
179977
89162
383010
106326
93801
646059
780033
789407
996735
102886
251270
10653
966359
750336
559962
947
172465
549973
388604
112703
368250
951615
151498
687045
164156
540752
54401
274841
324716
685484
783549
348757
473359
501830
71476
630883
834858
425468
922381
824534
556997
618971
509805
234225
395620
571172
403973
361718
325251
99789
530659
825
785419
980432
826615
122059
653397
398693
130353
501008
773813
936715
705593
868346
168618
618822
628271
773281
448204
291655
570141
235805
46270
472768
905111
730776
68814
168519
291910
122302
102190
139426
838098
2308
196399
386374
983501
108240
332794
406929
699165
819636
282208
592375
926863
84387
109422
218811
7519
609015
513678
417646
747094
559525
496670
781272
791759
570355
799508
436780
958858
175484
755419
426554
329876
176900
126197
913312
470445
618468
128517
516189
896569
209764
847973
705386
427542
365756
389521
250414
35412
862239
464413
979059
600837
82817
761811
380015
865897
172822
711289
337612
414072
645722
230907
118166
988720
499821
914348
484170
954547
790227
875502
126842
643194
977498
260082
351844
86188
942809
352796
806153
455649
212415
467879
600815
855647
848934
204086
406349
56246
271486
782544
481318
85369
499195
987098
687499
96007
580454
204867
597062
912774
468662
426558
35475
855175
624425
693970
784577
63138
714886
957521
183932
200993
613120
738769
802622
801279
627002
331827
461778
429800
677056
951303
369901
453932
743850
942825
690110
598964
558405
805255
883663
452889
793163
911073
447943
271393
872439
544908
306557
797675
551190
930454
111630
852500
8731
400288
68059
451028
607678
707423
775659
601819
296978
307318
105365
186227
834526
827787
796522
838591
294059
527212
661180
797487
290934
376028
10623
876591
444681
865468
420790
268494
810736
986056
407292
734340
362093
979932
248967
421716
478737
664978
557028
684801
379229
361907
745321
437772
996906
296060
579549
337260
687476
85296
294391
272836
652208
957617
899985
215869
93303
107771
506888
925943
16239
767919
969927
429448
628435
714549
17
678486
249101
690763
424369
147712
682178
875900
928556
5315
956474
852111
598738
990489
626233
813154
542305
24846
812479
331691
544633
310624
564681
58162
430888
116498
952601
543493
729327
121797
172691
476938
703297
325570
369055
97362
945590
300194
106333
486196
833915
219558
855184
102010
17204
638925
35409
985369
482106
445578
629650
67600
940198
38654
705342
199660
701249
113480
688798
85888
966304
548355
227145
142437
726141
223863
735263
21528
515926
701892
803046
931822
722038
908814
353996
152306
456300
903351
256264
528129
828033
168781
26003
545843
76635
349203
253330
557131
608836
936395
837908
577597
543422
977714
702532
919256
39781
276280
776305
532957
724887
466593
264231
146119
933476
845047
821217
862578
484719
686740
18024
529
437162
330708
818134
682277
67655
399466
38552
717126
83814
715911
557633
519450
698189
511551
757385
202395
638319
791868
60787
568840
310910
223124
359079
447919
981303
43847
51357
369396
474501
75929
557962
831105
561845
156979
682218
536383
814137
864581
760899
973657
734639
564498
763584
883920
173208
905988
903066
985141
158021
591802
820752
140578
45479
5255
655538
889429
570335
197041
428185
794398
861772
501208
90064
924997
932828
859734
37760
758184
477005
567358
860410
765809
795953
158373
402827
598136
892609
809545
210122
345177
723155
381598
582480
527644
74941
159366
681827
156262
250129
383998
177588
90799
786896
730799
972928
788866
477818
770117
416236
324568
30448
711563
185925
875167
111466
787904
206185
229411
762209
269343
279426
456679
177342
313784
859504
356759
337817
883675
465929
785176
106429
984127
999878
948902
691567
585378
689199
63955
234217
303454
515829
692369
448392
335801
913309
552386
670921
699868
561515
144059
369787
314831
705991
362194
851376
516188
489645
108911
697271
419653
620891
726650
828539
880237
152823
964918
971888
797760
459230
701058
726912
574404
697056
811219
906172
481
343648
497880
375596
859657
259847
952066
69927
313154
13903
252917
36571
118625
814810
209269
818044
520494
598418
85853
80709
930195
178394
884699
868504
849842
772185
314796
11591
875313
365945
487541
588374
688288
244602
622830
883835
380876
562502
958007
678340
699154
849361
391767
694642
935329
702763
394260
872486
735903
404259
82620
314230
162095
933163
948308
765503
403353
455924
359993
941385
418235
470798
679540
90324
255169
650261
242138
448046
203969
779046
509842
407020
571056
761862
434231
128581
97106
321160
187823
898291
12181
973685
777324
499862
199304
15965
987988
451720
85960
829870
348462
767504
460926
785020
716337
160677
788999
583524
657913
623713
111214
536416
914298
970895
178157
764065
603689
12976
578612
894658
734644
274263
369140
161124
987254
607413
275183
244782
964861
922655
833968
925623
97561
937885
325390
383213
873795
468957
194562
530161
656035
120407
701712
824540
987260
308750
477703
64313
165440
852317
748826
351495
539552
224302
223495
559027
362840
312945
280621
943508
451349
386130
962748
702111
322988
543999
119961
1959
150008
37469
133862
592221
332952
13876
232197
245991
776505
826510
48996
814784
13782
10055
258408
383306
565688
674943
615204
625763
629095
389973
969494
505401
326463
787799
661489
988182
325466
458166
51755
466112
634206
396117
992045
511351
583901
964043
442972
736566
814481
207212
664103
235346
835305
173728
191958
33376
948956
407248
918708
260047
269974
867974
774484
637557
699586
678115
791133
252536
582408
870634
787382
576389
921099
686733
15
418204
309085
80361
169492
766786
512795
419090
543989
77820
187412
960444
222045
973363
784319
864808
918871
566517
391610
215421
269876
428548
412773
465247
21832
769372
583526
234136
455327
367509
674569
345413
853616
111609
28453
785766
299233
530587
382262
165016
834994
444301
765525
332876
47013
125172
415625
192736
156202
749207
655444
104920
836158
630741
291133
905322
290755
447708
531313
958520
228970
501131
375575
722721
300252
517481
211539
721068
596318
183524
868668
648423
283610
801860
853541
458310
742959
424793
938473
384040
77935
796272
305964
691439
974232
714706
321049
477547
783328
590606
556330
191285
573021
344498
234739
84790
554982
515422
492863
790342
455166
130638
353481
62535
4882
164154
969900
660167
869865
428518
537106
643870
500482
180730
178151
339721
733278
156064
658172
366966
505879
646585
18952
956773
50360
323931
57259
280601
145828
542248
451028
668989
289315
951374
898738
175528
5265
415343
795995
934614
547491
171838
878348
714186
425463
6353
172395
225869
757658
530762
176971
271068
455466
619170
624285
586421
953986
692460
606434
927987
643866
556395
523798
687195
377908
458920
154715
340606
285174
196806
375633
598341
17094
726040
763353
433033
905985
293373
338727
697106
152402
193157
488109
224084
956462
664781
890112
505390
594406
159783
775623
706595
40199
358471
706692
353430
738425
43593
400650
201172
785997
644454
730155
115871
233
906867
430472
778532
512267
897205
234593
755510
245949
226291
880402
952954
826150
363453
57703
43030
548363
596790
902193
193995
202278
539636
185988
874912
576375
497007
202659
110426
908074
89610
240007
538796
795966
207556
681975
73296
600490
407052
234914
685945
528767
333024
878947
603279
421092
482018
997908
862359
181887
663317
505038
843269
613907
399228
232358
872037
221421
179451
274274
69865
414154
81263
25735
947624
985680
267090
522663
514086
942002
539500
827900
724909
785759
976980
260769
726213
658512
860512
786369
826155
451820
56123
33137
671063
980321
670035
434673
592441
747326
532041
466675
345380
979203
45749
31274
441427
593381
971248
773809
968114
698365
315766
690285
391175
361714
473559
829489
399438
999861
200010
73115
841601
293994
570307
220618
355843
330428
367560
936325
198211
766766
98582
788543
249232
689649
748845
820483
748814
862608
974392
833512
444218
34113
71165
670568
550574
723442
67418
907689
54871
570824
877839
675198
519351
355243
865073
94458
360265
582886
560644
7076
231063
681668
899113
518717
825
32472
90377
457369
172073
353073
470775
730838
798720
104526
413613
592191
629514
688015
47754
807917
275921
824543
17000
340109
143441
851943
683734
185529
549368
426980
246476
447116
73611
566677
540356
952446
385805
97423
98019
533217
612180
743800
606780
985915
202383
442892
410996
683258
838508
700041
112584
790696
371534
68261
529967
732381
44718
602269
613183
630285
949600
235719
896071
543498
415684
568312
956797
534772
853414
404937
478682
403702
448254
14345
347434
369792
490893
324467
598236
218563
316829
602113
62885
631071
820822
642779
760315
445474
648124
213415
267707
526893
674472
165613
162063
769831
287940
350399
495445
980340
760287
985323
664329
21922
926526
21553
656863
503438
987344
897056
344936
822897
225656
433398
352671
688807
481667
484815
110763
879206
271505
1643
783959
968856
648422
645096
101962
124419
511264
185625
129506
439435
482463
447409
339512
972708
256489
737061
68047
705627
67868
762348
44690
349875
638503
1778
126511
720711
913957
182498
244401
847005
282777
649635
698008
778867
977935
132419
697919
23612
972002
781693
270870
398443
218495
628272
342068
914116
725775
812271
914587
2808
6598
346613
930056
240340
717175
919876
736167
831040
608443
414190
674569
330211
484144
276662
618083
956657
700472
573465
503309
931882
88
950565
737700
158656
451872
324738
561298
488472
679779
620583
581614
925088
718801
19642
563257
572309
398566
993220
611588
517466
252527
162115
585509
149567
633072
248902
46068
780117
77025
512336
380680
978567
640443
621176
263528
573598
756109
864353
699405
779971
492463
544995
181359
377729
491459
691102
943800
333250
667049
231707
993590
549564
888853
662449
761025
734138
274469
788197
397414
696796
605791
93370
473525
5309
814560
367920
151313
226683
860432
645925
138088
31319
616808
638697
925102
923135
728333
540454
619956
547719
509473
227857
999141
559872
658798
300374
126033
242011
741312
243875
595659
934908
187698
11161
621753
236224
709595
984003
818637
450559
714867
538079
111164
964951
657321
998191
688591
919864
190268
320904
569667
133664
866711
834726
696419
831620
990476
461624
496184
669775
852420
227548
189026
555861
940246
999744
219928
582144
109140
399511
409964
371394
195399
650105
531072
278426
516442
788232
374321
50901
171928
871414
171605
727150
902757
358042
707350
952625
809703
767596
255315
208116
770256
687557
177266
142956
782471
83014
47443
526195
338515
929338
506576
359866
707402
100269
497987
75514
296505
886142
583982
338067
507603
121273
235700
338832
345641
789637
474087
712647
447765
903469
483654
926979
220521
478050
601380
526386
183639
648655
726380
935795
457995
118596
876820
279921
284674
157432
839557
21980
238394
48056
175441
698605
349415
755501
597703
220941
847907
645285
951327
707099
970819
163665
130034
949255
172347
525080
229910
894097
89919
756370
333181
641442
74029
684614
766159
514900
189428
531036
915830
548856
521883
284313
393384
416588
314082
129224
947632
92583
121795
347779
809407
944215
238118
987623
505223
176910
735027
97299
164854
480628
995976
701372
724221
417160
373398
563864
16285
555431
779730
133072
473345
866051
242513
876808
32085
608006
270489
236800
315016
240662
777938
217978
127805
105389
279713
610352
506517
40995
127166
847286
972769
448843
544284
717899
448199
920872
281765
216335
912841
86169
171427
577082
538936
45196
694718
922846
233919
397386
959648
272472
564418
700794
103033
715143
540437
117277
828559
484807
144063
275750
54634
849579
434521
754663
34729
223839
35606
140783
320798
333673
492077
728415
113710
868377
815821
620737
827071
374043
437142
938608
757130
491934
42336
439729
572430
23085
120764
673198
745063
472112
791293
517952
237074
139332
926812
178112
838453
349877
720574
664769
317703
906747
841374
48037
434026
451469
989140
631511
87754
613073
952111
118743
391713
912118
246203
343588
738722
260517
17579
843207
68346
570936
645436
228639
521666
552088
467977
23806
996479
326154
861034
103922
932281
439115
485930
949946
490387
813997
109844
764577
773097
756891
445936
595922
892994
565022
604527
646828
779379
746061
520114
97943
557055
455166
554593
550629
1268
659012
45155
364251
30919
651305
727532
467722
549092
801314
966190
716309
981444
147011
549170
928280
391724
691466
371997
394581
961000
418669
599489
420632
330600
583654
355766
908804
72992
176259
365255
54777
359041
964585
391362
596299
229681
237204
308582
744061
336725
201296
750512
454846
84291
883496
442499
893358
606355
857731
670151
592788
948484
157860
274101
373638
754803
317068
253142
950686
111491
283304
651146
451943
307489
620024
600412
808230
379600
166688
752736
866459
760718
184162
532742
734532
713183
281982
816459
411697
364426
497128
830604
230302
580326
215872
66846
423614
470060
3980
52744
504879
511774
196288
689231
712165
67286
404266
698032
110307
251652
163031
283343
57676
11728
950004
239997
371178
551616
243827
696283
103077
686314
966855
989407
250368
677289
507006
735928
254776
894945
650864
958906
253687
882743
220514
945320
853949
159134
343197
889518
30941
355410
341149
842222
430328
314922
170351
889349
930952
536609
405159
139080
871073
570551
998370
453123
430714
834855
314975
525252
195455
875027
783312
723028
83614
274396
264651
374586
849093
247420
109172
471873
585929
638313
636133
861989
882528
508884
88841
866779
383947
865854
982483
814644
407992
965362
57137
596684
740043
499040
747677
298659
35428
538855
494580
701921
675370
872996
169797
611940
678098
603531
870149
244121
112807
245488
429721
14817
440970
781764
897748
154892
361203
875420
974469
513811
940321
946456
341839
567158
398422
422628
185825
218764
683379
253914
888700
194664
55947
427228
419485
600374
427603
93520
711277
568094
504435
674432
367409
445633
148193
814352
41547
557987
255745
27717
679856
472207
611158
551475
177902
746269
589910
444229
569364
708483
896381
80371
132007
44713
151864
20912
211616
632358
939319
617710
260277
151589
685947
83147
934916
253349
912678
606068
993783
42876
91578
23204
596444
878195
154707
555927
345322
172090
751867
816412
786990
937027
155725
887518
982532
461718
147510
906694
891368
550827
461637
240668
710491
116482
965812
562491
909898
249912
818893
852695
310340
637550
828038
512993
86193
584880
899010
22455
120390
955215
433674
750214
766286
853885
601413
86481
29327
778476
283567
82308
510293
166180
114196
263582
694331
327411
455282
702622
945528
358065
381562
427579
665213
199691
605593
983879
220924
941618
335693
755769
755170
178562
629922
330279
552119
411769
709012
68662
55880
401430
428247
685297
612444
147637
891715
591870
247897
942788
299873
416152
405804
700120
883827
836237
266267
571477
73998
586894
154603
611982
281093
713144
606093
968247
632057
58608
898542
917967
131657
567181
675477
798028
152111
916266
741383
471331
772522
349927
33150
675983
111146
973549
986535
285583
211502
8385
492154
543291
107406
479913
452041
638180
131096
513297
330820
992394
351888
289650
645252
244765
640652
209855
497155
764105
905472
139063
451855
222437
835392
974324
538822
355769
443840
189189
973687
70007
417325
770306
996532
800519
698969
216188
382041
276807
86974
991090
12713
11898
580610
354233
616986
690024
792594
209234
414112
704974
946030
34259
995478
567774
219716
129711
364384
414935
15822
225894
38963
391657
935481
767991
560461
899849
434417
248875
291383
890482
115730
129224
4278
574298
804512
507050
766340
820776
66636
610775
681372
824105
694235
21158
99024
350433
784789
965550
69522
243565
440499
960152
183559
904397
745838
33736
660174
622827
125290
136755
727016
271765
547799
189652
914152
703794
465638
593925
664680
99911
676476
229165
39266
555170
241342
79403
872903
693173
195658
162705
74557
873891
523843
472137
554017
701178
487148
320875
93241
902258
274954
879186
606115
213505
732174
30719
265470
93575
302182
51522
154480
862919
383253
428156
78416
96095
510128
460308
487898
411249
652942
762174
803271
190944
996974
743561
956279
931557
198304
946164
71020
144739
461662
845482
749653
56054
730148
8787
997564
496765
426033
48818
624417
326141
578961
257545
646537
943177
817185
575836
612493
824237
889803
240031
871838
48055
710799
776923
439319
465072
348112
48665
803072
588404
216296
239542
925099
682867
367062
365243
339416
172907
99585
971447
298009
838202
220671
748332
837566
855431
699669
227276
71778
427949
615054
765593
339873
394682
467715
149599
76827
525981
93297
581291
563783
597105
393446
786241
478008
544640
383387
332103
650536
653036
866193
778273
878380
196097
451610
825919
212737
929559
69647
856536
661242
823097
375962
377505
942426
739635
175192
471266
719663
853286
539367
620917
262023
599745
619675
744486
119323
236852
99938
251060
969507
894154
186612
88053
65702
437854
199631
177028
472684
718713
206200
944272
999548
836958
946167
873937
522024
648941
452861
195757
647693
215939
861844
689921
420652
879368
976039
628711
430573
437202
130619
787806
875269
268799
781731
624194
48460
726983
26240
173984
314216
945362
351301
951532
442748
928435
333706
725571
639236
644946
3555
529737
832480
839303
740596
160034
292313
134496
878984
668005
759543
551837
159557
517929
925398
591929
863926
515213
691626
512645
422338
652151
266769
76204
867706
192568
834133
364510
318915
961531
110008
699181
875212
424064
3940
953665
866058
895826
378353
318442
51816
916832
66749
489570
489383
302148
321185
67402
893027
71281
643095
347088
132476
807175
163466
260965
499463
660389
19216
606334
699614
44326
41205
995062
92314
167296
187631
687606
76496
710240
252558
802041
556482
699791
629563
831378
350040
308904
431791
443189
827450
292313
178045
864224
329294
780283
374914
261194
828376
408900
883851
140535
834182
397734
543526
224146
736230
286819
741324
562637
93767
419342
83901
901960
251365
565681
485506
365758
806376
118783
110308
226742
487980
113880
577841
478712
86785
728247
822191
702644
423932
866851
655336
283386
936282
575566
383618
250097
229442
661688
67607
141814
217449
547923
863884
651568
836547
218824
323638
278786
525210
82561
881
722910
426850
403569
489318
994169
407457
309852
768255
859533
414811
842688
390611
75869
746835
158264
825228
198032
306905
422511
11067
146644
67362
49474
78765
376801
466033
525064
718017
923151
351526
23275
378138
813123
43513
293312
909744
139615
620917
529206
50495
394888
942098
905301
731330
116511
173310
812172
372270
550797
927726
177365
792914
929476
649610
252729
962829
116371
711474
845239
676635
649663
954827
531596
326267
126956
979879
161641
413092
425487
484087
524016
329944
66670
396437
907051
98958
365881
721648
930142
777302
567517
546267
400405
917903
79722
251665
632432
576708
998624
682196
812642
608375
605827
321715
310860
428092
474418
110886
316624
951987
36924
365410
309699
315567
4482
691869
602323
592873
49534
435655
463834
969609
45544
483653
187455
694687
453750
890003
663471
620076
554597
41053
611755
549649
136608
290936
770715
399360
810082
252862
643725
242148
53287
477707
460664
798924
366594
874199
963934
239625
530262
927576
516073
582180
988195
640024
657765
173214
623605
749893
122105
315035
46861
936628
910833
143118
83962
920385
532836
866509
483585
193900
122982
403340
826364
578030
414434
422728
981473
99268
875087
994739
658365
336750
499599
963572
968437
63522
837623
482899
610879
147799
731758
594568
914969
705474
245286
65423
816312
898359
527277
752680
492412
540266
491651
462547
826963
608253
149254
177046
40007
378192
720694
71777
886037
513666
630994
536613
333366
463193
675144
37229
724621
951782
812837
375803
640582
679772
755166
374742
938148
424646
189138
309050
659798
293599
328163
260279
437145
195179
730163
900077
439263
9163
960395
181003
86092
525302
321677
999867
524311
946649
560238
266967
716
312595
840540
479706
144205
575633
735101
218692
659502
987659
320838
504790
194493
280864
893472
349078
889876
868151
170181
994451
492544
253675
766523
444168
193992
878552
680520
457188
220701
712018
81466
829602
10369
125963
59861
582521
740816
779889
420934
157451
333430
178969
985694
367868
719472
174019
212305
761893
754842
621543
981431
375530
250235
364212
850780
20107
664054
557246
952353
535219
981375
676736
537441
657431
890349
549710
534720
440848
463351
486000
505502
103766
728240
360376
79330
964339
725756
259508
869336
796003
676044
473498
610447
451540
678435
922974
958535
169735
182711
10134
193405
504227
322081
484124
543853
982871
68755
223041
890257
895214
117796
518442
900446
839836
985212
260755
36767
231345
900863
473785
505051
141318
707126
601991
645524
53570
720943
194850
394510
933293
6566
283313
672454
979081
416579
922484
783572
195735
294559
244758
27563
209858
417855
419081
512441
140741
285539
593730
262546
280621
142813
579717
503602
931771
856798
135549
781397
638253
431318
316062
705584
418011
778996
911750
339439
392827
294682
737672
969524
368060
961144
122831
335622
490739
585775
89660
989912
849962
889241
244866
693634
630401
366423
765273
251683
391841
481536
42391
664767
687709
171582
709735
461015
852134
379963
580226
146547
212047
432516
828907
177760
905996
993666
782477
593220
879221
68253
511522
485336
755363
494676
886143
65572
845815
289673
815711
796839
510822
535412
498137
695407
213728
912588
725124
300462
64448
597754
704853
158890
415238
135027
173919
189651
572166
180603
401705
575015
996678
942319
727943
330183
44227
753193
828863
377990
232026
804325
987209
354514
791275
742369
692621
727621
1763
897011
22539
132516
201225
598026
585474
790407
234980
225063
6562
637295
93853
457061
420189
404555
568125
51870
425987
834390
646070
693778
346859
154704
845753
156078
354168
547858
139900
573568
203379
196524
63447
274272
356339
192018
919939
294708
254636
244941
601082
164536
190795
139056
969643
239991
137064
583526
983545
646797
204573
283907
102300
417919
253766
271421
180578
233906
706310
514672
752105
238005
686816
735132
896741
162742
430037
862152
214016
639449
47413
744068
416581
788342
160212
502097
907455
913081
421316
625898
61477
584295
648260
667674
611113
892878
120737
36295
375999
858490
167897
758543
886535
345620
578804
45484
285338
838637
162155
41062
379882
17770
705348
915576
714804
408617
962976
774934
539370
141414
771780
284454
271832
210343
723328
986597
456756
133869
610112
127388
185621
545347
552565
843517
267116
631767
918341
105405
326110
233242
385587
736359
218714
571998
275808
653766
334143
490651
88349
332640
335580
390552
263134
979985
452220
180547
638661
17038
167295
313085
60520
50658
44497
823110
984866
86324
113244
916363
693424
563412
775351
544323
72574
22905
574818
50881
534812
940550
988672
318071
733318
575690
575148
768475
685100
645259
628233
43986
43402
150742
845300
414408
904249
656881
454443
740652
597982
137625
156629
411098
582423
268456
751375
646863
215610
250483
774689
282767
109186
984730
783657
214420
457559
793400
309869
269019
305793
538651
188228
596179
123545
750840
792265
518674
889121
553448
455188
207931
473202
49736
195255
748095
131650
800041
720793
674545
204816
588331
163507
808288
545560
268596
540390
449896
735920
498600
36937
183332
159462
848036
41300
929743
330305
909775
873102
392527
213023
231194
683238
570792
477829
346665
202111
740711
895587
418502
428543
87667
432759
574701
24518
234466
772806
83520
122014
454365
329004
113147
701888
876306
735012
322408
142784
939241
810264
280634
427457
536472
217461
579442
861532
477558
290098
267028
650212
834040
219942
101121
647878
210299
253350
347215
655735
311870
482852
663885
596281
45572
369469
137224
843956
589364
139693
616964
931979
647457
242828
708820
483184
782587
235805
454839
200664
688068
858571
570984
871587
972585
81087
422766
577452
154106
743257
728917
125186
133788
188552
63715
109501
187817
745539
274625
848681
862517
319849
905066
333941
155292
742347
468060
874104
68363
468227
881281
403724
886279
449434
663692
542760
90211
321861
204504
569601
330492
624584
452749
324973
616051
947658
6951
859507
875810
336828
396855
756306
734486
99256
686814
667841
890736
385817
297072
341257
345304
810733
864025
699992
433540
645723
118253
240835
394000
872187
151474
63444
926009
100919
163749
375248
707954
584595
789936
66686
526333
398626
503856
607598
804722
709619
495793
410635
330519
880
214398
866693
531072
203231
368560
733184
760779
799307
765520
391523
614549
908428
597950
907467
273301
804010
859084
886882
966348
175173
740744
518796
477335
982129
747081
280426
407955
46848
147159
44098
463878
966444
47568
731539
238179
800187
413471
483098
585603
461319
757280
65802
712877
703967
44217
168155
197917
974807
183572
621776
756624
157263
600577
405990
738501
440533
676853
295262
438716
630947
887704
434798
225997
411080
977599
461669
675191
861116
700710
458703
529709
756744
836518
971014
237526
42873
746572
701154
13156
741339
24651
473128
321729
836829
420611
866893
344670
127047
80727
749539
906356
103626
171513
464344
195893
147147
157326
424730
675881
750522
619734
411301
865595
927623
954028
65684
521188
277182
949002
828853
779070
583917
735084
693456
556444
680171
287224
985990
971824
689094
213178
730077
393919
176285
159248
422846
760358
697022
92120
292797
148538
101654
500046
927150
941852
478713
856884
269287
252469
407746
410629
331080
805055
766162
562872
625660
172861
450843
432588
741969
868373
521257
781124
391861
621731
31431
821141
849789
692024
608972
231769
300641
927422
637704
252403
812557
234554
981648
800721
347943
728179
557188
255708
896583
356066
750412
759026
909263
39627
152340
141917
919382
851940
713605
100257
448928
185047
643604
957185
656355
169252
158884
113305
461131
624230
12778
565117
1352
879950
886752
973371
43334
469402
429925
489254
526748
803999
197241
336351
52002
391441
381774
768741
441958
863839
269367
152774
570093
238807
909373
601718
746888
226465
878614
102741
237481
273867
445244
884234
646316
227025
646801
953348
562242
556886
216429
455964
338804
367134
184823
244163
248719
739892
423451
243688
456619
738614
630002
48516
242124
322591
694419
739439
623978
967682
963846
884096
535866
361759
490500
192420
731427
92058
209427
942548
247756
262814
276330
109489
221160
213753
326360
167920
35813
387905
152112
909909
316517
999064
156129
277321
122531
604061
888983
893598
653301
812197
375251
865658
681085
551542
556896
961759
555083
722086
195100
680233
201208
780486
25785
706774
675234
246271
967898
314502
5234
170718
905456
44432
832888
113121
124320
935386
576281
117841
456993
240084
457258
938067
974613
785025
906351
757675
444267
471544
143212
452718
395064
221327
773558
279016
503163
706599
112422
187825
851582
723748
32771
706986
929297
110794
771142
680428
283093
802388
519853
121004
144780
19410
274586
721793
694789
431735
400668
588653
593983
891509
504010
896873
377693
894715
413683
597279
283383
648595
617474
582186
942916
740743
195674
152169
963191
759251
199233
417166
712210
425390
158667
859834
423716
514986
507014
499502
125896
278872
925484
988569
35042
104995
661538
246917
123532
743356
475963
208199
668123
373784
501805
626224
383432
918398
867427
432815
348910
244149
303029
439014
679243
726149
514085
438283
1816
570782
150451
614806
693025
941486
132172
225152
667493
504297
89971
252416
372694
877773
365145
123452
597302
715722
757051
219096
755627
647102
204834
195039
520117
69699
624261
57416
362349
427806
995588
860999
576524
225645
991310
955742
137008
279135
622246
521918
70532
272744
723340
294522
383227
466113
554417
822372
346446
547621
722792
944728
183695
74833
815733
688430
759242
209099
67539
838546
261774
332270
408634
57956
936523
784313
318734
904185
193945
295049
543442
618790
790331
211858
182029
397484
908514
660265
902377
671145
688744
722917
865361
844953
731681
471064
321283
181390
140757
815265
506474
180431
729676
41782
188248
450370
165652
173141
799906
766666
880196
795387
764351
352315
206961
550559
381433
581656
248730
894521
897659
784850
677670
329281
820707
335250
85513
10333
673668
371975
675902
665086
227047
470317
714286
689936
181466
361622
269124
964078
328476
475090
870167
144100
671066
753503
190607
650794
583365
421821
937845
977675
351726
504649
118635
595093
953425
847891
532561
827003
514443
820204
511537
205775
701532
802376
413254
940951
989809
233783
292084
733262
105829
623892
669159
836036
106606
185517
559783
857224
251875
946718
433200
293098
662919
529935
930776
426264
915907
779844
314109
853683
831165
149457
548856
716531
326465
771302
302077
619550
583403
323310
470301
679903
58036
704338
820779
480080
187040
461882
280768
620911
680843
418683
780738
465187
177821
476000
951706
638828
667963
510393
710282
727706
186016
323371
582417
623895
734503
407769
721401
101733
624554
283486
864483
760291
933469
912408
180410
942733
199352
340350
111863
888420
586512
880698
512115
976882
284257
448039
28751
176814
870093
100158
497028
436939
557678
117354
569966
280172
474922
911212
999886
358997
606016
257235
771030
637706
867137
657854
282838
544825
819713
930813
601156
867074
783922
799024
36033
876030
151539
342379
29670
457092
597284
211175
362925
492603
201374
276646
888293
955254
947723
938869
55557
683537
11519
922422
760479
524956
176932
830037
173298
6332
966053
965954
721487
365834
40525
841424
460362
363867
178538
468131
464384
714722
302595
112833
783151
432735
686125
734139
388731
845939
736647
181243
812208
417774
949470
986079
189180
532168
185219
97259
970050
37389
615319
365383
541540
586017
375497
821646
741445
284429
554981
823185
40016
986351
661237
526878
74042
163499
704110
46925
814443
962400
509394
863142
186118
901063
479030
693269
779162
602563
119302
155366
961000
193660
423245
532272
53029
677632
105686
184630
403299
256278
533437
809001
645510
281976
452494
358148
199829
560285
823212
10002
520406
708118
923711
429119
558758
645125
375927
590713
192108
106070
301168
863049
822056
317822
292358
802901
597201
296947
138672
306230
116706
441917
561949
392780
599279
953336
121129
113129
54357
330504
279754
82155
318395
789846
563241
563671
395968
944591
293002
814808
267640
541838
407663
883104
482452
431646
973386
749558
394499
144777
399788
219815
785069
220512
953334
608321
512223
499546
706455
73179
619759
139149
510631
541754
303161
878338
277470
512471
289909
61203
448595
812998
798532
589343
838993
116940
505236
830917
907519
52727
757890
772952
323331
487168
362642
555278
715985
619344
395077
468968
654555
822394
358004
145347
493641
195758
192
818867
669183
679150
244108
664004
192966
190807
189704
708802
847002
421631
251620
531950
651205
971229
523443
686061
960364
61752
881686
168518
854980
100155
667775
665604
282812
775768
495288
761392
362591
871590
614745
989703
406858
656735
253815
740300
885847
222194
882127
824219
863944
912165
777958
500185
189713
944966
718641
359760
888207
740396
827830
797472
418824
244707
251177
2083
43496
658863
236834
439417
530591
369192
534610
952413
111689
436622
517068
240344
143573
430993
316739
234396
207423
872295
295322
255102
309224
575073
589065
201754
189710
503031
149192
221462
339637
735110
383456
488204
349866
986135
696347
438666
457462
169913
103374
910210
826773
877116
201262
17886
700940
966453
428243
111834
126468
374992
692874
614142
118540
914813
640486
421186
299840
125498
960217
608253
141463
699729
769206
14717
171182
729712
81101
538911
496875
33596
626076
369692
983659
41636
691900
301985
780967
349429
593119
632511
581723
449612
847619
876819
364720
938710
506421
85763
258298
106420
511549
76352
130077
706926
139970
810319
78150
918891
712013
991853
828178
852201
292259
360888
363478
376864
712734
150328
662610
893458
296610
567395
245688
659334
772786
159599
741862
673244
199042
93871
661090
106473
869592
623085
608424
472105
109874
485110
690983
113805
83369
354685
692322
560606
725140
863138
702314
562871
875224
786677
941313
123878
919404
618115
999012
161185
217992
442823
462095
693377
653333
150195
115101
757671
739345
136244
589487
76986
559689
808190
733737
712372
639030
970077
223443
756022
487572
944866
133789
933192
181711
644466
422496
244827
410129
900915
455044
626813
245413
416218
501924
893707
247090
624043
997472
284139
223057
989729
396073
512917
330341
382490
455195
999998
582799
292325
170883
128829
966071
339006
727012
546300
990152
896982
140484
191769
829246
36320
205445
622848
891688
118296
193397
580072
425475
90850
796975
169053
649803
26951
439677
357761
187225
138309
73089
388339
673296
107772
422871
649441
650509
738515
281782
746122
646775
968247
671298
435070
430047
589651
801487
276501
219551
318644
769590
20933
759575
485673
347777
334124
769444
538975
627940
38165
521727
449484
681428
507610
548606
731521
860954
472789
771810
432704
2823
721658
627516
702593
82564
381615
962185
595526
250352
858063
816982
719862
3942
381105
259019
459807
405558
708271
296731
865618
900176
894725
953310
53989
676388
677383
375317
931938
994992
768981
499803
496512
743481
218970
828999
882022
687734
598514
848925
358048
418516
883350
408050
977471
566448
141488
859242
934584
438494
606473
524531
76460
216298
412736
734103
479926
920580
883174
897901
436715
130892
630901
603982
45707
136122
305014
514256
567179
825255
947281
492277
698960
934734
931275
884712
685169
644457
173880
311247
467978
325193
336974
334869
239865
514836
847295
903670
571342
433727
553562
883461
41234
621022
327433
13624
634107
45124
675183
319430
713521
803612
952584
768413
710840
179007
373585
985817
122348
79026
989822
112016
190926
523728
564575
271795
260041
543123
195315
843295
635926
168622
697940
610815
694118
954073
588770
787661
923857
453360
848241
10155
494989
371792
777162
607580
146050
202100
537892
755930
820299
941166
287004
323913
565664
420368
390301
702495
330401
988999
476754
793695
90657
983252
164435
559772
485443
995180
258734
515997
190781
249587
189391
86508
180755
453101
845003
161045
804872
923818
520268
253969
934470
43357
396811
977647
964260
640798
981132
620707
5982
835576
515807
576949
133645
852707
671063
749206
120626
880482
833346
768270
433793
414235
978592
519518
776895
174127
581599
69314
464602
338494
598608
131865
806373
643027
325492
949742
645845
181886
490909
679466
835832
800175
194401
132285
589591
456941
77378
698161
796070
514414
520067
945769
893143
472871
727047
619861
259266
136716
381790
696276
696989
116995
342707
424514
160204
593795
699689
871904
342502
795505
670441
904734
678614
872804
829673
941444
139574
742621
635044
253762
444961
890271
99223
420645
360118
511775
179361
865445
125474
143431
843484
730703
722736
938026
9787
402765
460554
350907
354654
822092
507827
227734
193056
594117
889280
174987
164668
209720
278742
783377
258692
354601
652051
688467
232871
37212
767333
869169
891669
140722
66171
94219
225309
157747
289090
491924
387621
377675
980901
183066
709958
141688
826798
114058
224837
808701
421388
186447
179762
473526
367762
266677
10737
608983
351202
526965
43582
77417
201364
976781
741029
63764
893095
629141
372655
505360
418226
94905
77635
449415
402974
511611
850167
388450
236368
672046
857271
709221
335308
211891
21233
221960
259690
106072
216205
857175
953659
155771
401974
270379
178097
314635
213940
352522
534617
576422
94381
957186
638016
890083
471940
762
895935
320652
729336
570914
830047
876650
612960
608455
72218
658678
649203
513309
404571
63999
66870
38720
801638
698035
556724
722283
615749
911632
602462
177387
754245
977349
574949
13215
515201
545301
636141
652169
70750
549630
997947
422723
41705
330377
42774
260450
904256
711046
511675
339891
169995
926579
941708
428408
537430
215127
384847
193519
193792
821000
291370
600731
321603
595958
293365
945348
335645
545147
687003
226309
4777
293345
762192
715003
286853
533139
11797
665862
25742
282341
478431
706053
632046
593471
173122
566024
233120
554980
146763
768832
756632
304934
354649
81444
546900
578405
378082
123857
66002
840923
786314
18532
597722
147284
122510
44762
200318
57917
143785
765335
843452
307893
958090
497109
275070
330792
747359
855131
489055
468154
959467
935061
997507
567669
653923
197410
393285
923447
635186
915591
550914
911835
791868
312780
731438
564965
501620
665184
794002
211753
243708
247679
111900
347143
623458
351779
101320
848530
960223
359505
72781
549417
829249
121703
1116
111522
44205
589426
129552
203938
360586
264
694995
110181
269088
20999
876751
402532
648041
689123
824250
371683
459402
330880
437896
99630
430625
847549
696281
6866
487299
910635
194823
554315
450736
921233
83166
683728
982083
250858
805613
151110
246133
996581
445131
203373
921260
773033
979689
770350
393316
360618
49132
135255
315218
684497
198439
86591
469154
223835
287042
320754
262246
834349
491442
676372
120230
736453
13633
920724
357868
117281
907754
105237
107581
75541
750956
66182
876436
73698
649353
24379
120584
372420
427489
531700
868592
138352
166436
886578
968317
826846
608519
467478
603291
982593
405775
786043
603361
510716
504569
112007
814394
341564
663817
58965
509164
696116
821116
55558
366127
61171
164209
404041
344530
894081
393912
222817
487140
849908
128229
549010
38205
609976
227844
543730
350252
935389
186015
444663
834313
100895
797790
71713
327765
217900
10483
638234
62319
10650
841468
985892
768190
543306
209957
283708
380926
21162
419790
469538
806031
328015
135099
896774
925026
912777
57911
600498
803233
512583
420645
314863
977726
753374
107294
484477
922956
320130
584781
117076
564468
233166
246149
220225
920434
680571
788540
918174
285313
156325
67246
557054
79119
367101
889753
901270
53461
600779
894473
748825
122657
657309
10348
595870
603004
137681
679060
519027
918945
13856
612594
50059
469504
922452
478474
136029
612750
461152
205216
817130
916347
147340
794940
565217
648403
980343
623912
679685
444735
149236
271414
614182
238213
44983
169049
895856
112100
88980
323901
543377
365482
504726
985821
950985
923555
598862
636064
41463
717221
427421
231575
747276
860851
549345
586507
693099
274115
564891
477387
359981
982608
566551
325138
360145
351084
811647
741833
850063
608235
749017
620878
830708
578152
65898
805543
183047
499520
891673
981016
814982
901439
913366
311084
579827
197381
101425
505064
473185
647277
814870
745540
877196
220032
176065
835502
581502
674035
378016
589401
748710
320951
113022
668958
599800
899069
877963
444669
653546
233351
386074
293517
711694
169747
575539
105057
319782
945257
507355
877908
525322
722778
764648
598527
534341
750330
641425
2319
237677
682516
418384
711404
568630
269286
493210
101793
649660
289023
739920
758729
258198
835097
838279
618686
309011
343072
498050
960411
334451
769719
612952
457050
965829
875456
198673
872379
34790
973305
579851
242040
959869
280062
347871
957901
128149
323439
654941
773937
269896
358493
113689
483532
898747
123412
935091
500056
902573
348396
854840
278869
86507
41022
934151
199817
841319
780903
4187
731607
288614
467703
337200
292369
559236
924487
87991
851988
880535
197793
974670
192687
677182
187994
995570
977005
821742
108631
587457
741702
756091
249467
613082
696187
550203
836212
348593
258187
227028
407694
101947
403663
345967
747464
588393
543507
190575
817440
622116
789267
193979
554351
641681
748927
154334
182723
347146
597866
495864
930229
911050
775334
221332
689869
87775
611648
489822
479982
941088
582664
650396
263207
127392
901666
996136
276555
773289
347671
475518
704916
624731
561867
812672
437381
806926
321029
489327
707582
708914
770427
553166
997279
482001
834385
587744
557888
428924
780698
525010
850932
895754
254442
80644
341493
69259
704765
701848
342219
151527
7076
331
747435
301621
123676
43421
868636
815480
358472
445281
578618
185
471894
422149
853284
740976
501013
314032
746598
506182
995722
708168
459450
505533
453918
367242
387427
412854
811146
772314
79222
604922
923744
665698
587199
625360
558617
565846
556629
296275
895102
523700
490780
32711
444982
788733
701486
878912
801334
73455
981895
917050
2217
789271
165148
735798
285344
114000
936956
952814
385589
703215
658745
567842
589667
765923
127934
27251
973627
980131
282543
845147
762046
158748
719445
480439
959433
423268
224329
547869
838562
784418
450253
585158
137171
717777
181040
130816
754257
409798
983179
452732
114229
877151
641525
771765
960714
187372
43644
784916
471601
734063
388847
504126
699194
476085
106419
805328
514211
779588
199192
478118
398299
935471
123968
99947
464831
479121
111864
545007
489405
636124
808680
94659
774023
15222
422892
776590
406721
259012
501985
24895
259995
22229
63686
462777
973585
786253
655675
973744
216608
392849
908319
778072
421129
127235
569709
533551
560342
87878
543452
537783
130675
593297
246678
901172
694727
424244
455428
792747
183445
824784
870597
220572
799113
529377
798354
828226
600011
180586
437177
336045
220032
581269
892041
876925
50093
957077
3964
382032
80627
46683
814967
646268
394992
10604
12929
386385
128950
388646
323023
753589
83972
871146
662706
319821
415164
640801
602118
457065
824030
37431
146804
232212
628854
834500
70071
735548
927613
488919
81569
938034
891460
75763
740671
584162
587216
332883
981177
949138
319603
288926
710223
781082
138227
443721
928665
358616
213291
921445
668107
990930
804082
419568
911394
162893
818746
917946
63779
542893
557518
107349
53803
80912
339674
824474
628827
12299
57065
596494
547117
608338
537867
975126
547892
828210
819337
126089
783120
41742
922443
453716
307040
464641
574726
238395
761264
164539
453594
717191
292029
337341
846560
920600
823810
68732
171970
838594
904138
69234
629943
953948
611448
492281
660360
802886
386986
274528
550109
414339
257007
678613
990656
558720
111803
204421
26751
796085
117961
302408
702635
509754
907504
500542
906839
850135
651747
512887
535499
215108
52974
486021
582468
245029
324745
107446
978499
252777
185035
385372
170312
401372
278174
439074
428316
229950
720990
892737
288712
888984
169955
285785
474213
293095
604880
675933
587610
944469
413098
791121
620760
725306
870501
272624
115632
921828
596568
132927
216500
99600
61081
428968
899661
694567
625723
922405
548491
454548
884629
764094
219142
65353
62044
467829
489534
667196
33603
111684
693092
409308
576228
294824
917792
874771
599827
999310
168775
641651
507686
722658
788725
560834
672706
839182
648011
650413
20573
34841
332372
662258
830201
111556
330054
45903
889695
233958
162209
954590
2969
79488
472774
771922
72435
307900
19631
773775
304464
51578
943044
225245
642388
151236
791980
464850
853206
100772
211801
35566
997404
301593
507593
763133
436684
327322
114012
125711
618625
111912
83308
487905
215477
917893
336042
856391
642579
411962
968407
173016
936007
2921
260473
242929
798410
463274
688527
937004
857215
313447
861368
742692
961730
925583
222986
578710
551215
491333
831686
958171
740438
530380
926557
937072
177510
564026
329490
630135
426891
761370
341337
339147
832746
269089
641973
950046
711254
694309
512464
190690
946628
13583
112659
828965
801281
601271
408160
276159
387699
31698
581649
45936
695954
266629
828040
58588
192329
282205
507859
42218
734778
230185
650963
84295
265883
330892
114593
146159
478136
183861
557038
272511
946270
682953
858204
979399
924163
183648
344248
753509
184563
627169
422655
197501
197627
196864
30336
339977
994441
932078
431651
864562
933268
986917
518062
744645
767848
391724
438897
483594
388661
847880
888575
20173
852978
698540
325287
72
557926
870566
181473
453713
475086
671067
582267
767006
501926
557083
417265
321371
135084
709030
917710
912133
559091
818449
988602
699456
125834
510944
405611
488394
878285
424192
643194
893083
155454
464762
496964
807566
581272
973118
327286
723348
268727
382706
612804
731956
584045
892972
536655
619754
975706
18425
598179
469401
616877
835582
327754
305308
993949
219527
938403
711491
702369
410323
880379
917382
935067
658192
986459
432618
536440
689217
595596
137144
982347
786328
688036
27600
974804
775700
571782
87189
252747
889596
630348
898995
902110
523911
662033
767710
350855
11889
913134
707683
282335
263763
61243
273809
960260
1012
772325
159130
40882
278740
570107
59286
707475
233327
680978
891085
116864
717438
96832
806645
26295
797159
964860
793571
691143
597005
985116
199452
871908
931098
981165
819055
700015
484372
782247
695637
141222
700397
120237
612296
725965
428327
669775
974829
600409
660680
848482
762225
820673
65517
728071
775592
273806
5396
543076
680624
218522
538169
997865
9122
241878
115517
711027
924981
286417
845600
737932
723493
580740
861607
165751
171275
807741
838008
912851
487740
962776
697189
402623
484450
899813
952711
600595
926183
925247
551659
74474
415716
794252
704198
605372
356621
282872
889355
47289
431502
617577
401454
868082
932133
620839
532977
480383
624799
51669
41819
760232
160705
582185
539107
83254
142097
609994
26439
619165
886890
669307
270142
447568
575612
727569
42166
236996
576963
708301
769320
174491
953106
210168
991987
109357
435462
238126
694833
313687
845665
768128
572561
741025
9771
160207
726723
283800
710572
39722
479655
157448
225263
699765
626770
924956
171561
828232
841411
127311
938279
738326
548812
64985
106694
499106
743626
48141
246826
101897
885013
894049
757215
844429
773106
719733
310173
753412
263088
778929
705890
142268
333266
944708
367980
841356
964188
350496
181048
273167
697877
303497
663111
28452
484203
948614
725102
497406
416790
735896
956428
679404
644619
525534
487246
323162
451518
764712
912015
329432
891668
462912
687593
948011
212308
951409
35666
955494
432299
947554
568504
477003
533038
609199
883340
582817
773319
505162
403015
964479
684168
262862
258396
390139
914098
660363
867302
200718
911723
510325
639129
607925
538435
361464
190974
919466
817838
477848
850089
944820
888360
184642
29249
758976
602284
657090
743085
966858
550964
350275
460710
349735
924034
405162
272291
611247
933793
534661
988845
244794
566162
805964
926260
311382
676136
511078
878389
780522
657894
652642
7728
785202
87214
422813
974338
281818
83731
993851
662752
962459
957118
152526
828688
87434
157871
96934
230206
865150
753040
766448
250507
800076
34835
787237
958841
751858
525939
201733
508423
270846
455717
313843
588629
604287
164988
499788
14191
378657
124011
606904
209788
844960
261689
28301
572412
86031
705616
936394
614573
810865
641809
223882
766674
531458
74493
830860
181606
344121
556732
46229
236132
79908
805420
745449
922564
951818
554238
142175
65250
53315
152930
991515
162366
381337
428474
591353
391087
891674
383044
988596
593913
955564
413875
485705
185130
274490
55573
944950
820361
220757
797651
226118
899828
327756
630168
911213
339466
932126
276889
996016
203718
303000
468357
775362
37728
716846
865843
148214
46886
862037
626760
215908
578897
19668
438894
927240
62375
388697
471677
425116
337566
796653
651001
668133
128273
346659
107338
43301
519921
387450
307108
329022
77690
902775
669411
79005
982069
480154
403063
48618
360189
389414
79011
190674
106753
530161
452483
277096
16541
851380
663619
34361
485820
572327
774149
695831
241926
916815
182203
164462
297733
995803
882646
211919
776664
994815
546340
225218
927350
134493
316335
12896
492527
740696
864905
899349
476455
288246
616377
675002
564888
548778
571746
327881
687093
64541
997067
201476
420466
332240
937677
487223
957186
82115
695681
979532
217470
859516
391308
884469
357581
123218
347634
516068
923623
231433
447805
241907
878561
297481
438426
954487
426243
2023
589381
226440
222079
426910
63859
844119
109776
687928
301658
481028
978932
743202
206401
367248
433329
622989
170507
569038
49836
393050
680453
970759
78819
547632
877838
807756
696495
382560
888725
609003
470920
986458
597208
495273
84770
32847
258720
556834
921100
743600
435887
80767
464193
299950
249279
544110
198430
102269
954194
532315
736361
30899
122928
717709
888983
3032
43041
104623
30175
233284
138690
916286
955648
151381
699309
85568
199894
745742
717973
280418
343425
945228
148724
928136
131138
882222
925994
197710
806257
677486
805844
46977
935302
764963
269707
606110
369643
853389
196941
283687
961581
634459
424320
512816
437379
311240
770731
387708
972060
216327
869141
640360
427877
292668
69605
890864
382959
929975
486609
459993
916790
248374
197911
842924
479035
577611
595457
287486
136186
142787
392910
920450
672703
883865
363680
995482
781404
995788
652464
724610
836875
542418
32111
799845
651851
801481
553801
282225
357899
793336
681151
2487
381295
2753
299501
123670
571733
313792
256977
397317
930600
758195
22879
420540
141507
690839
179550
363542
956177
795819
635848
215926
285462
486978
180796
990899
220020
630916
811973
610289
639793
830158
320839
875353
806054
16557
965930
477591
848060
774400
417381
571460
533929
347222
59107
102204
110557
58690
880786
55874
793727
656236
259781
439352
919435
947549
148020
400074
245751
97864
633598
305759
563517
576813
41269
111653
115966
623672
700887
44073
353556
884652
284632
501812
590173
269076
723219
502776
20159
991309
671191
478978
995727
402948
430004
244925
49127
320719
510768
475227
720051
791758
606833
499998
817205
169356
528508
97582
713360
295673
285885
627713
785797
973086
208336
423336
94466
776096
727328
654293
154964
60963
595405
285366
606743
311159
460936
359933
281183
220920
820872
481037
693908
600972
386647
535319
795076
771029
950195
451016
267415
538092
869452
219337
626938
843002
166290
56472
231971
803467
464711
392068
40112
79378
299488
920044
801406
88819
750496
667394
196152
999242
63606
841087
468421
307172
202814
393830
343202
157761
294436
463461
5004
645469
717596
539585
976649
209671
142277
213792
777611
129478
77482
172496
867347
532969
78359
931670
817314
935770
380244
924230
35351
450420
269351
203663
614351
475263
456062
439826
92000
248655
775046
284
416710
558501
829019
613931
676988
152747
379319
432440
648445
600221
734621
366981
112235
587870
180214
385388
41351
597808
666350
656152
296866
119997
163267
1034
717420
630386
741344
169513
852401
601818
150276
577451
623414
674508
589341
281091
698228
499496
999492
935703
869592
416858
447608
557094
448713
202281
107594
636853
165870
566511
306554
834346
539351
498744
744351
243367
366324
490293
372625
608357
26908
231316
79710
171417
558168
955950
162430
469310
6871
888697
932549
559829
904206
785285
813167
318907
475449
77485
421405
471421
487100
754026
673896
966921
813540
701413
126801
179194
470237
965245
433838
144875
338678
421045
45587
755658
18080
131769
62577
790381
733844
644218
936849
483216
633355
134304
789385
42179
800594
578337
23029
282983
656009
197532
519009
273460
962338
600292
740821
915063
551710
681378
169655
976530
644146
958380
558954
162976
476236
645641
949234
64555
331308
318892
31160
685750
216164
787155
599495
863725
6026
874280
980517
200773
627126
616414
740231
825821
35462
136874
906532
609803
752249
190313
845166
190943
160134
685635
885277
541418
761015
412104
326171
536397
618407
938340
858046
497198
600630
110477
163456
806240
680142
741005
717795
757928
714513
144428
503011
658228
839973
462432
929731
165669
657772
313310
920625
