357266
285495
974327
983820
368855
534619
18936
959650
860536
319008
733017
274446
680281
723163
24576
127922
351306
759883
537164
859899
933338
806609
245822
538086
402883
886907
780862
603967
919399
124145
938145
807092
122018
774372
166900
758812
406527
84247
913475
209255
910977
776306
859520
943207
425457
5557
824255
519397
477383
242941
632644
297310
74576
420857
186045
519892
631258
866596
711924
364877
251115
63088
306483
763784
287514
320290
460914
438541
721709
608562
981701
521541
227333
56111
646135
975629
576471
293687
550584
142396
877183
74641
796615
744146
624637
875552
198396
172922
21391
131303
597564
942323
774002
243625
528896
245105
370180
168383
480194
596654
30972
502422
971682
140359
22276
139609
468020
721177
945075
933035
483269
13487
516543
272314
17094
215969
463738
160221
186527
745736
254501
580375
796850
805329
993272
656725
659956
970915
686575
39178
620129
436729
500360
487064
786888
23989
986748
161941
557327
39890
261242
477514
156969
115885
14364
692868
76749
696204
356503
649586
907853
756558
823228
587354
531675
652056
27616
850166
976752
132334
880405
254363
339405
477919
690156
176131
815961
296319
504104
200528
326106
254471
332675
606139
873297
948749
264988
172483
851736
511078
358994
731694
404328
534402
628635
298061
535546
469337
101600
137765
266054
594029
495036
757954
97729
337495
536636
924965
184407
537391
669063
125893
659013
507446
340466
599741
392763
765909
991581
211763
161766
943345
387002
18137
245759
191756
996372
255386
885380
639628
959733
372944
91878
905442
724810
803366
314054
253633
345374
791195
424696
930667
904018
502369
621648
680184
854863
917676
595170
937850
995566
381185
4085
635121
62942
891417
668199
822981
635919
963458
775439
913792
541071
888915
533888
867771
976680
507818
471937
723890
682384
795360
108057
946505
58239
240522
314231
360483
294825
224062
316715
449480
144189
242705
179482
612039
188268
950367
976411
725492
893100
879734
92380
825835
718309
823907
564444
883094
382151
789182
235810
85803
24122
784490
654031
756885
320327
572102
583668
671217
656586
950487
459260
631348
32438
795876
201094
71599
708078
818772
173467
129958
764870
360894
387837
285861
137020
976481
27229
471098
621732
658899
770900
158703
675204
208910
781774
259401
547613
393171
303009
605545
660172
942292
681595
989661
411354
903762
776365
790912
279244
49007
612500
533999
676788
835829
166719
795485
893536
33690
606252
546026
154264
1654
55608
486804
646129
876289
212923
615175
923289
270608
711463
415814
942231
882204
557005
661494
667884
189138
17718
499807
422446
954202
409811
115264
60088
243382
80610
559117
623061
699011
53309
911182
14798
856691
214053
802421
429115
388825
846191
567716
149207
868172
790210
30284
960843
711157
639399
678593
826728
835973
228734
290081
115996
258882
235333
258413
913422
871269
685482
613623
883809
5872
578787
84456
721506
294185
640420
170084
327611
57790
835766
879447
608410
794922
76980
370807
222084
966314
490230
178804
974030
267582
400423
538595
152165
409668
741937
205589
657096
271880
853856
530436
984804
740939
820624
949376
94686
300157
361373
719279
134293
705999
876055
136848
861419
555029
495418
332048
335820
35840
219279
454908
271918
285391
767771
748395
740472
958633
762828
474999
474343
894784
887725
757866
602625
675919
231111
881561
573855
38730
221295
292532
311409
851065
377316
267740
803910
311241
366866
885901
455104
259671
545816
715868
967321
272108
439572
668799
37560
4502
974108
24400
363905
378480
821717
818597
384921
408556
90813
490029
78678
839235
331023
624629
46435
807787
854067
606704
14303
768271
931348
419070
90250
389467
446435
861561
892541
662302
629233
662092
231289
842967
374558
189224
633315
705838
653778
710891
885576
903398
164950
770139
835279
211938
286314
62711
970692
92691
689862
79803
8439
929018
586659
995394
574609
152899
449847
345109
724584
132266
492620
697135
439662
552197
318165
950367
239389
666838
573042
73579
163961
817031
514424
627151
960926
275702
837142
795217
264086
188227
432310
863920
768847
823411
978990
620696
630038
942516
351084
740573
764699
674618
412476
993260
310738
287040
572634
305324
880143
461953
74230
466705
324068
882109
431227
139857
861680
742200
833915
197280
26120
767548
261060
105227
210838
134631
599274
919503
616244
681179
218740
629240
547826
970528
159234
963533
400417
881112
534944
686075
124723
835596
773994
418061
631133
795791
121820
312880
379566
930362
150244
578216
131338
388598
197397
860956
283188
970625
330603
644526
732629
584593
97322
612505
390599
478128
304189
342682
594697
207203
84455
883379
668601
806806
37188
252569
807148
5497
24433
635297
324850
219928
354047
189707
357130
377282
723742
456992
263868
789234
361542
654531
726567
810818
319188
759840
804292
391333
889300
200472
907906
626211
955769
33359
582749
968103
400554
771537
428898
830735
962048
271223
746343
541826
383394
176034
12433
573818
587011
37636
585914
896366
163104
209553
839276
370208
286231
803683
225771
593228
387878
780027
686362
924341
274243
168834
764550
751270
618728
74559
153279
717542
553527
605714
469708
668099
911318
447152
856882
203220
560888
158978
361587
375291
72142
426846
731292
378195
98249
772867
452301
536436
519776
389575
886158
151516
804381
948825
474294
345928
838791
492300
223813
137061
246715
88769
965855
583808
999166
57648
820258
638024
406605
243650
821048
583990
472043
479095
909161
886991
187778
163317
735684
888611
567108
149096
946219
602108
701271
417109
564707
215398
877781
635237
626864
885978
536313
526
986294
394109
958264
155192
661748
57215
286942
149046
962189
923135
484925
499601
635549
816757
916018
711980
828035
174943
782951
163870
299598
532443
426515
572570
737070
333104
798474
421592
91774
625685
398492
77275
712667
842852
194940
537217
567631
334213
366344
602523
486234
222730
496261
955128
87293
688952
697720
96107
301003
432271
336620
733871
302107
547573
935147
678058
11364
487845
747262
201077
175486
409755
454092
110392
565045
659405
412215
199701
362685
133699
261046
205842
706365
830088
293033
560184
424295
638738
209759
162330
869500
82953
737000
608430
357071
253386
719404
921650
615857
586074
257
123619
467987
610066
30075
46143
383536
998245
855543
269247
937386
180602
217042
909523
192342
460414
934203
59538
3993
264617
202809
874902
632920
75788
282256
348558
180142
562815
899792
813560
520989
761939
298143
317438
118062
43683
306950
998363
421940
343208
443899
775481
929653
179118
924352
26236
370090
744486
809271
363807
863246
642060
553385
401359
604262
254215
388684
116853
90156
17515
90757
834998
684322
588171
257353
762778
973729
324497
852263
525095
290004
462331
684277
520242
552401
259036
486694
182710
512519
572508
363131
267318
905686
698119
306175
891533
900244
54775
646137
99882
885706
948235
52170
500909
488667
365909
886969
302860
831341
851579
405042
847436
332316
989854
40902
93685
422717
105119
1218
233550
