785403
199113
46252
335597
839528
120814
190711
521583
744930
601535
216893
744669
389096
55926
776386
649084
112016
14208
322209
702398
71666
385852
631441
118230
567468
863880
231106
309392
401211
553114
290127
264529
18631
715664
668933
882049
34159
255979
598764
192329
808325
902067
956830
672162
522615
823967
994163
429448
338631
504502
596647
607659
433398
12634
66561
232130
693332
559442
470119
897384
999399
548672
866114
849832
654571
583648
445675
924122
786755
920522
794401
931297
279165
762596
32757
285289
891735
891036
115055
572729
22901
233074
172269
33495
523048
2464
104963
859119
891122
636757
135117
562709
374706
420005
155229
912969
897620
1362
342710
718075
