941393
695985
889478
138332
227611
358963
243500
716866
296727
449846
133168
668274
894807
880211
918203
185807
824393
31770
272936
578825
991717
530175
220975
459971
139869
969392
809964
581911
197421
795466
967376
898576
221933
159707
283871
359087
597398
871984
237771
772494
324687
302923
58922
821305
951970
989583
274179
14980
152859
687416
44463
626414
233935
390452
12307
584506
580876
723607
71552
683422
770670
545594
626160
170213
962234
657895
572024
407750
231011
509689
261383
426505
221411
682880
546353
229469
776897
963814
435828
16335
147851
718136
464925
840855
839289
322759
733136
153846
384189
164118
69738
718045
691354
397219
356801
246976
945265
345341
756199
827141
461611
68157
842895
876503
234981
135510
387982
203826
99991
42568
867252
567262
879915
54153
914780
416225
482220
399618
58542
237828
201558
170349
311561
888946
729429
771848
60143
323866
454538
722210
873718
749303
623654
719943
219825
313066
145830
552377
421845
401287
845277
504341
568452
803937
957875
11175
337867
862568
373211
272607
397257
967005
91684
348079
671357
822048
222213
915791
118123
894104
165060
99967
720269
339501
169591
441137
137436
893634
628717
878635
105481
766461
843464
956115
214767
194905
560248
739429
816946
895620
671520
174262
1974
180224
526181
93052
756761
644280
787766
102241
81803
853224
652430
894872
125948
142805
773977
33641
856408
287696
181974
947401
463004
416802
85140
750121
334329
874486
444311
925308
658037
22543
581940
345124
899633
169375
562823
741263
558797
69885
505776
143708
108804
736126
393585
214411
951511
507477
550053
593072
782358
497407
872737
960121
457467
465730
575436
974093
816150
216886
962197
858422
700469
856017
558284
428993
930765
748457
546686
788286
25134
637771
716991
202462
100737
443465
535210
26834
770782
990834
39513
661742
561288
972007
195988
239799
7309
713663
705004
554741
326514
792178
910214
828829
421311
286964
650143
496734
520673
295732
407797
912738
469111
454264
218167
303668
391766
633373
870279
920242
72379
737812
841375
189012
698319
731025
466748
109604
594287
935246
101922
301824
97645
449020
898359
808593
996402
440505
491805
592856
836224
102956
773849
280670
296078
51687
522626
526580
640992
380091
64783
1084
714012
791695
570205
490775
270050
770126
173327
399181
247410
84602
217291
403275
128505
750459
203021
370036
134623
600584
278185
715234
355911
964435
550875
119184
280661
541478
809994
989494
827151
36526
600230
445377
499187
276440
887717
307628
40757
190496
448882
145898
86296
959593
726050
577747
31270
514922
851015
615280
810608
662481
218573
911693
193389
75080
227661
647121
450865
670194
766488
11270
596451
502590
304302
591707
196479
750577
429904
120688
940770
513734
417039
838568
357249
864841
94889
506678
24130
242007
401844
854479
87077
654060
617472
380453
118223
633707
473056
211105
431303
736629
184280
312273
608443
55118
369040
818299
249648
651797
920136
734202
8635
406579
333787
878362
647321
663385
743853
477073
170912
319057
105577
663210
788716
657375
913692
723485
644623
878978
260210
576410
555257
793642
249204
200477
147131
707277
384521
84574
885629
233770
546070
462021
572603
785233
36750
976052
951240
312469
582823
780589
843992
495366
164899
966189
324807
892043
141636
486203
139643
457324
755624
455877
499022
571121
602086
825607
176968
553844
30625
5965
429890
923482
84173
40467
494045
604940
678046
753970
394496
74243
197107
435038
876073
765580
352369
911491
57498
567029
498245
339682
15619
950481
457847
997342
180232
111555
876506
856526
22761
474855
244984
937948
663094
293194
656273
792775
754734
39641
402831
384774
760190
885487
751547
594988
320586
241941
13645
256490
260586
140639
27184
221619
940163
542840
54043
696704
232614
37010
294166
633725
479168
516298
60710
646934
483754
745112
386001
728140
428721
341184
346000
579063
343227
308094
274056
486504
129911
199876
559734
857720
398527
954964
862951
570854
224789
652647
199714
545910
433076
544258
625835
878692
381804
442734
310581
516551
507263
124748
292442
180884
137178
542525
289964
836270
751764
800927
762550
489681
553086
298370
668936
28632
275261
969425
561653
257517
12613
684067
439395
55482
290120
942564
546099
486897
60947
411248
14635
190148
111073
937540
377698
58641
722528
893472
89215
360552
545781
928963
601676
505319
756182
621187
314224
335360
996176
603698
415926
769707
612277
413649
312100
452256
782165
257302
716959
475406
157150
899299
806784
467562
344815
749735
688553
310965
152363
394222
493716
456098
677718
516630
206187
416975
138537
75911
166576
526493
62161
585546
103364
85347
393794
101827
507605
401333
186592
357291
562085
55570
478154
453029
885313
134444
121505
371267
582707
37627
108103
663750
538924
982563
367702
798531
65030
463217
829226
379860
221975
503525
85839
342096
988583
761896
826977
360628
644901
325028
737889
539201
236311
485444
490820
328519
644555
930103
604949
375521
685096
795854
928971
209959
664557
76982
650865
151182
138652
386587
531838
202538
886220
567664
202783
858267
412949
700503
2940
559060
632308
118405
835340
681511
719342
657174
425626
594458
450018
782002
398918
152675
202621
870846
538497
433083
313965
530581
741814
364765
438431
214292
322903
4385
341749
642893
196805
918989
448432
401471
7278
573252
452345
712847
628460
615490
57988
106417
20564
363941
966800
449315
895644
228048
653492
286874
935538
873065
326178
679274
97420
216746
668027
826212
352104
220285
182433
424370
616886
383338
804182
598211
507852
630519
647898
118748
751971
548643
553596
79291
771138
890427
638911
929517
855293
684526
653909
574898
765325
617612
354203
27772
248293
638769
785084
627327
844291
860881
551083
397355
305254
756324
287466
788486
676105
709307
222843
291450
671345
590254
153490
40245
316894
709206
892384
88721
112238
506886
389562
822089
847461
869086
251767
427028
884563
344422
282005
73309
51933
252035
720840
567508
123575
130410
9894
740310
244792
731720
113652
481479
862310
724148
996068
468637
847188
484109
362144
940112
49494
534661
295951
204803
467229
84521
983491
541367
477194
456667
877568
870290
461098
927046
495231
895217
247577
892521
187227
310706
831056
589579
105960
684781
48618
536549
714336
437833
716951
613088
136484
353206
759792
270573
426083
642258
36979
532456
902247
190072
409683
881269
52225
779041
891234
970486
864098
840501
470371
226631
285691
409058
345075
272357
884003
637654
385253
360050
19784
1389
788607
389942
316590
980307
426785
884024
377747
749827
76141
243003
396431
236927
392824
173124
981316
40915
63700
103837
81344
517210
51329
323701
512697
20137
570406
44584
184753
984010
649626
968110
113320
261453
118702
3549
381184
734070
918910
719195
481903
169381
506414
578726
73512
634498
59605
233359
632976
96294
465798
537275
833654
448960
213474
877485
135198
871098
495702
304364
98605
507744
514808
488537
28064
94946
729816
269166
255269
990668
303414
579560
718699
810120
893498
528768
790609
845899
982468
872864
344333
909027
165178
403239
366334
633928
192891
288896
763793
833321
289862
444584
336400
241118
387927
772730
515208
826115
742410
591816
335437
979913
194729
818699
125967
376998
907739
691584
233211
823487
617354
997211
679220
806575
804892
73244
440934
654605
843086
3176
981973
963543
881151
278276
959529
876032
819727
632378
569725
107525
938901
265783
978029
255677
31458
930769
261915
968698
855125
992508
408160
99159
619007
684696
997028
16719
88305
680475
403515
685989
130921
728988
59586
313752
755431
842164
311587
345832
430022
13220
151243
774523
525758
641464
423376
460083
389809
479149
484544
159512
895420
144920
951183
973045
288048
677846
442783
848807
253725
443211
139154
232672
604451
401370
833995
286052
334512
956227
895344
561495
780470
955222
251019
980258
328172
968643
598074
884727
353524
471173
158449
995727
315213
869669
410065
165035
354061
697479
526943
655584
53493
843825
730490
244757
851199
887467
474481
818259
113981
332073
845014
960875
293351
469978
241042
457725
360476
388480
28789
772224
601282
911536
696311
809493
761123
550015
269996
446222
592014
467064
934850
385418
113463
786762
454007
267337
134563
529256
489540
575084
781075
527905
493422
912663
816903
659850
450795
405524
544527
600876
135408
953688
260966
181633
601006
310622
121227
816916
721683
156817
555783
394759
529276
137231
535502
853889
255618
253626
657864
649816
704849
616589
613376
256232
381711
71730
148542
602075
234742
892428
953625
920361
22354
906007
180718
777733
486047
348081
873782
194386
543806
288418
794455
201122
979108
841189
452895
660449
88271
527108
631262
390621
638666
461479
712033
434445
623031
632840
356618
282233
722809
610443
679137
916218
632081
936178
201168
758704
9145
61138
650080
952920
143323
427076
476187
278039
86487
673202
36048
149117
905460
807393
705286
222002
201872
666672
365127
419381
571740
488228
432258
109672
209382
755067
78787
717089
216718
751568
527699
440646
982535
160200
547984
246330
390986
123670
524265
632106
442707
490755
50914
946754
938280
709083
140605
318163
327055
93327
103821
466321
856441
247567
745368
612746
568520
866251
440674
435764
394688
185924
736804
989873
213802
536992
283607
779689
629142
858483
510197
17258
697905
909171
12545
520789
537247
499510
379083
693928
179316
113418
286297
765321
785433
735144
656637
287251
648869
930832
866296
561865
180553
360234
486796
736554
948711
247089
782968
602172
393199
337440
386576
506831
378153
986491
659236
301476
800718
919740
274634
725201
196306
103904
517651
721069
819051
969652
202501
745495
946200
25751
622558
570142
248904
472368
366185
91611
631616
850109
991679
148279
354621
725647
829770
31570
481758
860874
313758
524000
911093
15791
327340
565174
582567
289645
990300
233430
25066
75744
111970
263504
888634
113236
630755
820650
48843
739646
591032
451427
236292
541846
242187
139596
127390
695937
827745
570505
447432
211380
307875
122511
436835
745622
334819
777616
241071
335340
52569
50698
101200
665420
48292
951876
106308
163037
396824
921717
173616
24087
944416
238184
100627
436882
454567
994100
349781
121750
629568
788277
123227
127148
264416
535617
528312
991768
601258
450572
698625
328961
185234
630837
611138
375500
435269
621838
212162
163783
261065
277886
502521
833791
232064
364157
631828
203867
286361
922225
838379
340359
96460
275266
396949
987822
221899
719611
71231
990689
177110
14509
711304
867014
195170
742735
280167
842214
880439
997256
3513
934383
770817
654073
234519
414943
709067
730534
644656
43333
431791
715278
374554
803326
435859
578412
636808
728340
426708
550396
333092
35253
942515
938799
384396
440439
633999
577468
887619
118049
182350
744482
237672
741697
756150
239467
710006
339953
364617
353902
597873
513496
732525
606680
449660
695600
265428
391279
777895
893889
185374
322120
813438
489452
720488
442251
234576
368401
107123
516899
737517
762846
481113
550114
703532
503483
694048
907264
39263
752177
227578
175181
983951
248635
120235
537762
926821
866916
18228
182989
452698
406643
240715
746165
664170
240723
787258
318689
201137
847581
302939
587160
542169
189218
310697
783820
4329
771060
433670
859557
647013
83407
162571
129555
162720
338010
522396
407272
717511
866591
6211
42613
912213
516534
341852
984438
894092
667953
819927
513275
158278
269823
799380
885005
350496
779878
735245
12422
906695
115810
191602
410129
722673
530654
842672
155570
150257
781913
348082
70484
864148
228981
780411
304651
319849
803074
39136
968561
800231
446958
288576
775305
153924
344290
164658
890843
277769
642553
498111
771462
726935
290068
183287
616908
670012
957781
442642
638929
644989
889822
446807
237710
470767
264387
163714
721158
371232
961721
449934
918906
23504
61094
121074
878434
871772
247933
322991
341310
268495
509651
812178
430799
245160
956683
681694
916796
862669
672516
113915
80264
86297
602981
667798
839950
163358
409039
708795
754686
177211
476304
176467
617644
974203
499144
409793
207204
685833
541241
277164
445902
293742
558899
225948
676204
470801
724537
542557
630833
690264
540186
784743
22013
405634
793474
491916
780897
988924
559171
483973
314601
323593
815569
709323
911052
957054
420048
129563
549512
73045
659648
568520
898653
838661
418324
942284
197629
465570
809237
64254
86343
417617
546262
342448
509237
784300
67604
977762
659419
546791
454305
581213
848390
980045
983652
100764
754195
251496
159084
47072
903651
921409
269407
16791
750082
213146
214253
285474
949668
517934
344993
264765
43523
823637
573013
463057
947045
20926
220413
510231
461479
65290
404874
964598
417122
998887
708257
61009
800256
526553
595943
843232
437661
190543
560471
883256
575026
968298
516973
943806
902304
658765
338880
60873
626050
126057
291804
935009
969754
611271
821236
993492
253998
108356
378361
406467
408163
3248
472845
794297
79163
240078
136460
212866
204104
758615
978189
360769
476176
664454
908258
136397
818713
561011
772595
211900
336871
344293
527781
195208
538553
784853
401299
944195
820793
39700
587567
270940
260312
257567
447262
2616
679566
345107
221894
194242
545870
964677
5935
274046
568651
380201
128497
186436
204423
599601
706674
479067
992911
190873
50281
39581
121536
12186
421586
452515
499294
822496
194977
167373
723076
25204
242953
721533
941309
155907
751407
981050
707463
4480
28918
742431
411660
453473
491645
312821
690518
377754
930479
348018
960970
869710
829110
281853
110013
432643
987562
117854
570042
373175
723461
740661
566784
359935
648607
727462
37712
495896
302369
279316
684696
299645
302801
756155
422633
926259
694594
710164
561559
123466
798472
185118
809574
869595
303518
869889
802570
749551
148595
709047
806145
972623
123381
657868
854348
47237
605537
661049
180739
829497
973878
446093
140092
953961
272501
118654
788637
411627
409537
824037
7096
31737
948286
800775
561468
538016
636509
96146
223344
960885
147322
474644
878521
729694
343040
971236
615285
329936
81136
999092
697947
741078
639849
826121
947997
56288
866489
965811
803811
671074
344269
940102
328988
618338
358462
625692
803498
279172
344760
405309
927333
444247
578039
351344
61512
636026
885702
206718
9840
24640
146699
695932
895880
920330
39396
949984
404276
59521
30736
325745
289871
61858
116202
763791
146560
124077
47804
266352
847437
274898
205883
899092
92232
110793
100362
400052
38953
189101
481005
483869
558954
978963
646540
778412
919591
519716
760413
896208
990636
235459
669497
441637
183610
23342
120524
165182
831805
849036
822287
133114
239434
164523
834622
575737
715102
807678
968715
546758
875252
345569
52874
483863
5384
357540
659689
625115
599817
993499
567255
542594
347973
845009
526161
477838
351184
508551
834746
793397
759378
481793
46780
252978
1623
491115
333009
60821
396592
926180
137225
979298
336910
90460
727918
153496
614591
999474
801009
230028
339838
134917
187692
565928
861956
802826
189555
397500
985057
342850
873252
145638
820304
41691
635585
282356
253040
688894
110080
451229
304547
590221
570025
135332
124837
819624
778063
438067
270825
604314
152596
795286
752746
646071
511683
218074
795733
331493
770931
28866
162071
313466
556826
606720
653609
698417
768761
423070
259315
973253
21988
88492
318335
625846
760260
647616
738085
338808
637292
904637
991953
788985
171865
391925
628749
626965
204031
72056
717278
561225
383905
648382
810067
562975
634729
323134
765572
130816
927777
692270
635495
641830
544478
38011
361278
968264
821412
161316
983637
712371
369365
693039
288368
298357
918558
470450
698179
557891
7973
818302
259180
472980
692488
718547
784607
183294
846083
50256
801391
6700
68186
728346
91779
733025
240420
247024
688996
386793
467680
279726
422652
109253
993994
80972
882531
177497
118392
963825
483496
232486
141551
297279
924928
659523
280072
788240
910743
12785
318491
191438
41093
530511
621441
518480
430659
261481
733087
824614
73787
362227
128740
56568
431542
633634
671252
671257
845772
180183
181017
132585
667407
251606
660793
191526
679873
104174
541585
884325
936676
370501
296992
290628
964280
487209
531153
256383
909572
1539
1013
422037
649237
264869
770431
817815
328723
196078
516262
602893
950196
98543
562457
88874
711524
119520
135568
354592
211746
588776
254465
806368
292333
193571
341664
534053
325030
909396
133853
709282
839281
443346
313577
736084
99279
830495
862169
814201
208592
782179
318197
897719
171513
617929
272395
640454
244984
175242
149901
282284
368141
244428
239363
662357
891393
879117
530375
809554
172277
796827
692896
69258
341806
405741
753217
641470
169590
808167
495743
308891
777512
811419
165318
822787
969139
710258
786993
315142
875635
563998
499810
779305
725709
884032
144767
740296
368560
475434
683294
468380
140499
614879
288183
331312
786043
622204
729591
159919
819821
632329
343877
441064
165709
372870
970755
610522
981090
467249
278497
147546
570510
475885
514031
280878
635616
179177
50342
402409
928922
603480
256773
515615
274181
394363
150014
625937
438842
268345
133518
333699
657637
218560
194356
656703
424181
710840
832147
70449
316438
402851
72401
973512
472519
290317
147800
904712
439471
375692
192246
728129
915313
764662
112916
177654
865859
394417
77861
184658
193203
543929
632873
159953
414891
645140
542999
225075
978020
535459
544551
742143
129757
88254
638938
454331
459255
424361
700343
355957
648539
872820
465279
90782
838673
621861
146437
399445
134944
306349
262286
570628
364412
655356
484402
686663
515153
581731
146618
492998
904066
999106
788148
609336
793553
528749
513491
731065
355248
430672
169713
118322
900752
864536
854907
663363
397661
801949
913144
119115
845031
971921
827855
763726
280707
989859
615308
663067
458115
543473
26507
265228
31253
62124
708330
70475
217123
967295
838486
48850
157873
955571
749970
511534
969233
403938
275657
706397
135495
585016
971816
666438
867490
565281
707371
967042
926110
491247
677580
96865
967212
394440
830587
311771
74507
222699
488005
487148
142402
916165
291480
84801
348513
543282
986868
886137
202819
664471
775833
598751
235255
361259
707799
465238
795250
599065
89909
817372
448561
567488
843751
18310
929995
995034
399158
895000
892291
21254
366727
416879
966819
343998
324168
939257
956722
906039
392338
390234
870539
871785
163246
252327
140708
623598
416602
7154
633783
948821
880911
112249
77214
567111
470501
558468
365852
792204
162203
381111
721297
537919
669728
597498
182559
337504
897484
925630
576301
671795
319650
669465
476848
761241
857177
241396
797192
604808
906502
270878
803797
685182
273514
895839
14311
81372
900483
181786
664710
175415
346269
769673
773814
901349
646017
801462
558772
266570
68369
938022
978198
86121
163235
845529
240670
218670
186705
586629
451988
191575
657847
912444
482780
464268
731317
284104
591671
660206
823093
424734
939396
705018
231395
742929
479486
970218
821775
797385
602856
553208
274987
566950
385091
38212
839989
75814
353
595578
179511
524972
6858
662330
247093
998874
794499
949486
495876
74623
169664
27807
442145
394904
769417
632342
137248
884267
967993
238371
202683
731521
436805
410359
569339
489669
94275
959689
780765
842646
445471
574698
857641
570812
631569
857347
165566
822627
745144
234917
658370
4230
190305
691801
739871
62792
841691
40577
200356
920469
148611
975485
502557
100048
482395
872711
850050
816981
736827
810230
459392
543175
216958
240650
712614
590257
149768
95903
545584
533533
25905
391958
29620
517138
778471
1515
194406
137882
710860
708710
181597
588283
195484
589539
267264
270583
679925
564145
282693
141259
171423
348349
994329
43519
129437
106226
7336
754312
899546
191482
865224
735917
524265
913049
200892
141121
777310
49525
111627
134463
154
671638
662507
859819
72588
477133
220774
926018
636269
53320
453929
644814
111713
503957
343242
894479
82914
654550
692344
186278
477353
183279
642376
794078
150427
204223
492322
982297
932203
794023
144391
305535
609469
958067
748037
196084
456726
42190
392454
853138
505136
717483
418632
83427
238654
902016
520256
78956
482194
747084
957347
87850
32952
708770
238322
611428
832279
762478
102332
10302
672762
804415
84662
932100
692252
392681
743930
894287
668747
543673
954199
972902
393883
78561
642193
33081
305703
718180
614142
59783
500610
73140
420584
817549
428358
420182
860227
158491
660104
986933
502506
580704
592645
133356
94092
582568
410987
527746
632632
613500
161167
168952
886547
936082
975141
35443
911104
106911
419998
866239
380327
597779
57176
358158
227148
599374
108276
942855
993908
768576
171050
61100
210317
334852
803076
443143
602743
584077
214306
674607
335482
15668
398713
148554
878491
449000
39836
501141
906224
183633
395886
887290
513190
317863
778696
711601
976077
91760
629822
681165
539872
322412
644406
220849
352832
414523
741644
614940
144660
900838
940015
806776
327428
507509
304053
356989
245022
47801
961419
49842
337937
574846
496206
395626
284193
853632
611577
836249
810898
435035
35259
859501
414803
105898
656517
222068
73110
724756
293218
165108
217572
141817
968797
229363
593306
343745
178079
108727
609199
767780
981176
942559
951239
493946
442306
67101
837049
812450
531288
981964
467631
89617
634073
730404
897451
461491
602803
311017
661498
160069
879533
789264
382615
879503
872153
261482
999953
755901
273907
619374
146770
262014
21879
911212
340861
174925
455191
469042
256084
827523
126229
668820
164580
302879
871579
62444
107550
773466
413311
527942
912901
714851
575102
587504
788364
724893
465237
661309
319776
883389
144677
416749
779800
314656
921774
527967
860619
111296
392143
187013
934460
953948
454104
110934
283399
983461
149463
420308
513191
323057
423294
479094
971622
773766
842300
561857
765322
144240
910746
814545
517701
747464
117910
406955
417214
758300
700275
963593
38503
797623
85437
862558
818651
287385
964321
396092
778295
590790
138268
826896
374584
957337
949268
95106
34237
986037
783372
300556
990742
272843
541995
490564
410103
70936
944482
873109
739564
586993
715161
261888
861088
905995
369835
151886
22021
607460
316602
864764
227535
831923
63121
667737
224475
59842
601710
759785
912052
147769
216343
277571
971973
202065
522326
95967
894621
659004
994191
634030
115109
251201
912437
416790
337274
420072
799358
833459
135868
689662
388290
745794
432877
925820
949676
158059
280112
638188
178082
396033
80425
513728
553395
780720
401924
741265
583633
149956
91639
227402
335289
329572
788165
960964
299850
963398
646180
364561
351567
749930
61375
209065
790894
628923
185755
229294
161634
608891
470723
395229
934106
822988
305938
963463
784715
949788
728250
435641
929324
342198
35970
914584
676881
621879
690566
613448
53009
504851
940838
878745
628424
863941
86050
553887
621131
5576
653722
846759
334783
476404
912472
651948
226981
493200
880960
216900
57171
275655
746545
770132
51986
174290
355845
567427
378814
229437
319743
903297
525924
521116
260474
508852
588896
512399
363860
374894
518858
341753
174116
131718
859572
677540
904948
705565
55249
465574
282087
3805
444597
29682
591849
378257
816930
216957
182586
728070
974654
807460
226000
776713
617872
294800
529886
336131
825888
320997
84093
919207
416667
157817
657193
127820
327275
828843
166597
713392
355571
136667
681658
33148
658607
74838
320454
167562
279328
358548
844211
783907
400076
793507
807026
349748
818355
759148
684355
566183
521003
810349
213552
989389
806968
672337
326690
911217
715254
797472
817134
297580
209865
613284
770370
56274
324400
952136
580949
452797
231087
784110
700506
325218
811521
575620
853239
623526
748130
627856
906964
109210
269157
458305
559627
613938
681777
119865
357616
865212
396659
767660
962073
25008
653007
415749
623564
127427
814201
422049
702375
90654
11708
653670
66852
750985
330534
629054
91683
671664
960716
654977
612325
458150
450255
175223
929495
569238
216790
12373
105993
919117
603808
917353
307188
690205
929441
853177
491770
523019
24651
980575
429751
196343
986008
707435
387013
942479
171683
626296
817877
584044
723955
9720
254358
757111
761183
519009
626888
978282
426419
371228
125682
539671
483463
572932
725744
151878
594602
545648
633641
62061
528330
419723
491913
516029
732494
53489
263389
249060
346778
742989
843046
871497
824014
990950
150217
632705
387867
945678
5788
811564
899356
757227
227335
253316
177380
907983
880999
856908
345742
275067
380135
734231
556593
621007
930245
3721
423426
939622
221260
449163
900714
478044
192671
818996
953235
336130
843330
923729
493889
158203
995355
252000
158443
663189
365087
684293
425471
835540
439690
633654
383913
711875
261542
283397
527596
381717
919628
23974
676279
490477
85850
807776
303820
766855
531435
894898
616972
832642
81285
158227
845078
162105
484458
377710
390360
486343
864932
925776
680566
703640
908854
634379
550156
6793
341098
451746
940557
330439
797398
203845
244027
434819
804426
766914
541189
477382
16868
529554
970100
191381
330375
892376
99884
409648
734990
396727
727406
507750
934061
774032
241292
707038
492914
292518
805069
456828
347236
219651
834512
338763
728269
500054
221162
658029
898007
298478
292458
139694
756787
763697
462922
172155
516515
856570
807917
146688
168479
504475
363358
356307
169955
167664
59317
270198
95238
509425
191552
562864
774444
167153
568702
566821
235585
403488
185647
553582
740956
356865
442162
715430
563149
383737
762128
836988
899625
650848
593050
258388
672709
67469
913321
273438
143931
101626
201208
251114
639179
982087
872533
106851
844957
119204
786241
790860
638253
79820
160942
906511
330967
985248
733185
69865
97779
154886
651660
93407
765245
522140
353688
137818
476940
677856
554989
305605
198408
661846
234724
659752
619312
666666
415278
276987
635437
849869
711359
212392
488854
917561
978758
606010
190150
19663
821394
32274
578896
235739
918571
406598
822591
746054
781543
363039
550429
534780
615186
568649
23083
232379
940456
127706
723251
472880
673642
594252
228205
215631
658578
116932
709913
409007
266366
430439
553791
163073
92538
417224
727048
44510
257191
235033
11448
451497
437560
763291
248583
677737
374254
941198
600838
340697
792457
606141
672281
676477
263554
97293
445320
552147
728050
283526
515295
646883
392868
11861
745266
963318
488830
809561
859309
991705
340851
559634
732351
774827
382732
474044
271759
236485
92353
522081
366873
871283
555685
801888
137209
177106
654527
667946
125611
814651
998375
1849
335718
824661
650725
688028
702614
642020
797431
642514
491697
919493
457345
691229
760393
982755
308019
398192
935533
561542
8559
875398
477465
31119
291813
151938
750486
463349
977914
516978
699511
450678
10522
192970
491265
658468
678805
382968
74386
942767
32346
422222
588994
489234
659280
731449
450946
646797
840135
959433
776310
528911
898155
870590
806418
340673
383927
308151
272427
769851
928972
995070
180646
155575
407910
192518
192659
530927
8418
643856
532384
322852
988491
495522
107936
309249
675732
410441
936201
521654
851744
38975
899054
650243
760174
801494
646941
995175
760114
326980
260183
889004
251384
191380
707443
278088
373794
801287
192952
528566
12595
150848
720459
918972
729214
366814
716006
87576
803736
309937
382413
645320
38260
954379
915189
665092
73585
715945
659420
18137
175449
17352
645676
467165
550870
227183
437142
890679
449882
180394
354373
893463
496240
148178
943431
715193
367827
218534
226668
967823
461967
644417
240644
119378
418298
824063
467103
999719
932967
92161
102916
578582
40011
982438
357186
156461
950292
367318
392723
303785
271108
215867
49328
626424
278171
835855
556799
217543
376998
591936
129183
972996
619036
835632
818546
118813
361412
114792
233680
427204
169226
877312
213097
627474
641408
719754
813863
277123
551081
392463
499661
480285
353977
807638
297185
307318
980753
5867
424501
428419
688429
425506
646241
270633
774796
412672
619167
802635
758494
486489
296546
299241
212088
813927
752044
317228
554964
771656
193298
817334
430428
40133
176886
770736
241545
577209
46697
143932
570259
623333
598248
97759
382012
229764
544082
395640
194682
952147
44083
69046
852153
782964
627076
165182
40411
445825
328811
338741
506152
407338
271266
832521
410811
308761
236970
524790
819992
950158
24697
175437
640277
57184
261349
492331
743002
95011
86744
875363
530631
443914
465556
657858
956632
464831
629754
13247
897154
938200
101034
391074
571185
66062
28529
848958
691363
625490
243637
932319
130194
484113
436355
474693
884536
625848
887247
663420
332839
489033
739851
593769
150735
304298
563086
925770
942538
996147
331284
730081
803889
739312
120819
432289
698171
960070
860975
614082
686593
28650
920137
790939
259282
398529
531816
624641
152755
249086
344764
107150
790131
317921
926679
84114
920808
820296
812345
36679
164473
508795
418827
741523
552586
383788
333030
683153
559648
253742
492358
347366
330943
116601
555934
220682
464066
890392
309388
568198
920644
277488
334034
11389
249934
40323
219866
366048
965066
842786
89554
640137
538287
189877
322290
390345
805973
709541
363806
426596
90450
502459
867815
408454
210801
932781
73902
819867
451043
654399
779828
475476
69927
27693
634741
563106
213957
96889
964072
680277
778780
801540
459606
626249
922328
842969
854209
846139
812617
921034
954009
150145
90075
6655
713375
546671
78404
902631
564016
230629
472562
387211
113064
827403
377430
322165
702753
694336
726525
289600
94307
36928
82349
106690
124716
66530
57542
742382
33617
611853
194330
661346
322495
686160
875032
296696
245381
560396
736656
143487
570367
727789
680347
99595
317992
385147
609937
946684
416954
127964
470969
918387
793345
391857
243873
471314
589419
300660
232840
778529
523552
980302
490312
468990
232699
25115
935005
24965
131719
332675
398558
223326
317162
614552
146277
59326
688821
444973
719290
892203
645317
944654
332796
524756
472015
593432
897308
221468
214460
77594
493337
127650
674188
315998
116745
246211
976106
996197
641857
936300
16612
566464
401982
158801
833862
734439
919748
628204
121772
498098
913602
27327
43195
128841
434645
55644
843979
865941
626979
472780
211584
501730
67183
576076
811293
835666
279028
68725
645969
571489
555919
486257
953065
306936
814623
306101
653485
137577
393939
997105
418277
961211
107402
345500
782841
77510
824787
540085
306999
882064
583556
257646
991657
149347
44643
512075
95837
257680
413975
364191
146176
491315
462065
721584
743148
538980
608981
943941
556323
268233
757794
905239
893147
815729
676315
153811
749986
36970
371746
504518
940258
256074
772236
131493
257420
946125
474550
741966
794951
447319
857370
911516
988853
717533
101884
710201
323163
510139
683707
706730
885640
182615
502987
150315
937952
702041
722868
997908
154575
92068
808796
108133
864489
824496
601753
466140
833943
528001
969166
344337
449614
321855
69951
932672
3493
174398
839928
332319
244516
423158
554
175200
93273
668239
811894
934461
325359
704489
783523
776971
627613
649000
334090
24800
826838
840768
988237
444662
175986
558116
778613
721983
403405
166381
127465
66467
627003
709838
485826
956092
51045
744684
862712
156535
24830
970756
345548
223008
191885
579084
325038
102459
356235
666946
948378
252602
657109
520113
130660
289465
884318
288782
341993
882986
563544
654330
353016
139651
862336
113565
904726
165446
359998
487321
356782
197395
740396
596647
430861
965384
805351
305774
126048
977965
93856
789293
481540
10207
282401
244290
152334
28852
483899
874607
899907
517033
9804
680277
840866
20342
634777
545418
116382
760841
931047
493926
907409
265763
531150
575691
741463
130070
148071
654619
117713
389373
270378
584775
881474
208650
592941
640009
702958
673010
572171
940487
844344
236533
315906
766048
557084
949810
88552
166872
97201
577937
330995
750579
649091
982009
277136
385540
654090
842433
165606
773617
64736
568810
650607
816711
482220
973302
429330
726535
223780
715395
251288
874905
781187
479055
492760
21932
797584
526499
144172
129901
645328
665370
371656
381731
90267
614362
151826
42034
295257
23837
892313
347920
209744
935196
840738
108705
449620
144051
558186
385631
825094
827507
536140
902366
754368
262725
236707
101643
213671
787908
774973
951616
978740
493372
588189
357053
806496
58952
656339
399188
746044
144867
107989
521245
670997
828618
310240
965918
334431
991427
528350
305400
584995
888272
210171
561408
903256
501180
964411
658986
542652
270606
904481
306631
858330
658127
159623
208121
512617
712920
320728
308296
573375
372344
310193
883795
930185
257947
939641
890240
283941
432
571414
124352
161261
109176
256840
742241
15728
15621
834343
58499
538129
282073
757195
445723
551401
812
212112
57584
539473
710256
556879
25891
837813
511825
760632
23845
162088
449988
650007
881583
21398
176356
693894
391611
136970
392439
883503
563672
205091
370118
918425
358394
652325
596822
331164
936722
933284
219247
696936
356744
321514
15941
199407
207317
903132
236962
167699
943976
560085
941658
680443
638887
28719
890297
919488
724779
719018
651679
922962
85786
896397
498994
667814
524982
293533
967285
862913
75311
932399
294643
920037
490937
668755
616607
275331
62141
954207
240952
774929
8239
292414
483309
710910
249166
772403
174108
614872
330741
403427
760158
532342
842429
194863
674495
750912
444762
902542
127946
400490
987979
197136
671011
742428
44227
922350
76972
573919
41805
807015
845550
745749
884035
430659
764659
465733
134996
128271
30960
470807
142849
580001
730683
319743
491486
137740
350973
6592
439099
372398
755650
490943
404920
94415
584856
545998
331544
433851
358230
737770
595791
445920
585499
198053
851492
354407
296571
66357
339064
773991
376117
230588
858456
995106
769305
334500
317844
160627
930866
58734
752561
786333
424857
232917
749997
850323
958198
560197
309622
192421
310625
841237
914429
117815
528333
463700
609357
823500
869442
641775
35479
676491
14451
490205
2211
735244
438629
566886
301073
868974
839611
157712
484065
348599
6327
871589
403850
175375
208277
646170
696272
384489
519787
495277
325085
194400
739257
643503
89240
663423
615878
993854
79294
707740
821173
45959
429487
495046
650451
748410
632808
459708
344016
801995
689073
330182
889505
784545
288564
239942
447819
660234
732866
112594
275796
322969
302281
447734
78653
991644
876600
191388
696393
183258
931372
869996
371595
485611
895111
10645
491972
962059
900450
815644
955243
866223
388563
915492
276041
481183
52029
872636
877594
193393
88506
14898
45711
252162
477977
434693
889960
523312
843468
401317
255993
214700
80122
80298
506047
200693
51188
608184
638403
313246
715306
265555
812105
719014
960641
312989
143175
408736
423813
954491
932348
707540
650911
766999
951518
101075
310244
451570
645133
175411
160430
212693
44977
65481
641209
955105
748760
680788
421921
98743
445058
522515
721474
518907
115555
240713
971997
31323
176323
461652
203043
958853
926894
115811
472572
280111
903
547578
279753
84491
475907
643513
419877
898513
29694
653097
750568
129465
36398
172222
676705
986250
590188
512021
273187
833666
793062
669289
646952
239519
446308
134456
403271
20894
803366
971877
905368
188309
80658
338647
918539
529665
277869
545834
985874
808937
342335
186829
650762
161541
407064
888634
795139
636721
579568
602827
345133
45766
859872
810742
891469
116651
897921
182850
956728
917094
615129
644283
397094
16381
144018
227216
449056
438561
184475
291169
24450
69017
579037
955
527993
861215
769855
418399
917754
560510
740882
769166
889668
186980
44328
177558
324768
976495
791757
782008
970451
708899
196753
87749
326535
493587
538208
307125
62520
830878
775254
164016
907799
8359
574938
41124
689943
301788
64321
627820
313738
558544
708424
155250
23408
101904
606504
588234
386544
867101
481083
96879
726109
913901
317403
749431
415004
363547
85942
319508
901773
206519
579740
243416
867824
13743
962869
326451
842548
342990
97666
968038
809673
361039
693312
790270
70220
89400
312451
868559
634664
821757
902367
57787
431023
291196
43481
89841
593399
547941
388731
772941
183186
437309
800733
113733
945206
499998
481979
452329
639247
687646
687142
933816
670717
787657
756328
694777
497666
727883
564680
430550
279471
986798
665478
524036
952024
865546
500072
240731
748362
148323
308515
20251
971815
984712
81098
606101
317650
452737
128032
859551
607981
901252
426808
64861
896495
854906
475366
591240
297572
786557
591926
426974
303443
114933
655356
770095
404130
958348
375878
321874
598961
794497
755866
94628
930163
965537
381846
683225
915700
179850
314466
18174
15923
33440
186076
368037
106347
804170
191725
560258
315549
169590
266693
848287
194017
935336
232678
923562
86128
619425
820022
501529
22812
344500
474911
401461
38456
936053
488963
647216
89797
922049
64969
824111
635458
550977
88157
999298
62160
884133
290617
987446
241281
98046
81598
424594
431043
932411
344316
508788
728418
205142
748876
174028
884266
410477
668789
229842
594917
313936
516709
984233
783635
979425
210297
563175
136112
641470
142322
12312
495453
452232
248427
575304
668091
598123
209171
965649
531202
375462
803986
790216
229931
448212
280236
97948
549773
459201
184459
9907
325863
721514
732246
638212
659292
56019
384666
241672
293983
825131
764327
531890
296640
845723
857457
122138
436982
409743
673333
524489
411018
23590
262921
58851
964491
505214
184565
619313
890824
272682
726582
202469
807309
973139
9418
634023
521482
126321
870737
9943
113613
950195
907095
547900
143235
101011
472214
713833
627812
692326
905066
884818
673102
759050
17888
767916
771170
123791
138678
497655
363553
280315
959591
65288
322677
268239
349634
543485
643660
341124
506904
183954
959422
989669
518473
125591
660533
342097
959456
434879
877488
60189
898170
855400
584828
216130
390113
577371
997435
457291
735658
484178
485797
956508
38921
258589
101887
318066
156048
22609
203030
654255
239569
461920
252872
278003
423196
327282
47414
291167
639645
86006
625764
75549
595041
365226
594095
286983
989357
735126
569112
587877
495783
16894
663282
609507
308957
970787
635209
851835
674807
375022
169050
629999
545270
244132
191454
115363
30811
153742
462203
417630
234236
547390
717410
752541
729600
51417
313123
347935
424188
212408
928918
984258
400800
119378
137685
326162
937957
57529
997939
484740
22461
144111
589424
807939
470181
25303
8480
680485
786935
834061
641370
786557
653435
5983
205627
538552
394952
54024
983345
243608
309544
433226
949460
814317
958140
227581
337209
604958
664142
920576
636708
800682
844132
995873
986452
535080
953819
715481
458956
473486
52218
851593
239973
580178
122972
114981
56894
904057
570005
227117
711086
546136
166825
756452
1884
111193
986820
314042
997587
394218
557056
218239
11574
8706
818389
900995
866485
265660
536619
651761
305695
420598
446781
851804
676927
803449
564080
83810
213693
688544
855963
264808
716624
286366
947520
182632
690309
833720
345642
61904
469830
926390
175567
246065
765045
135137
451899
782409
521485
567000
980386
562284
530099
924225
389716
583472
319802
103748
133375
877513
336234
165809
98327
318258
508515
224979
456175
738500
99539
937655
236209
511009
797005
55489
426300
415411
962565
807150
500766
124157
933570
736704
519475
201486
980234
552790
136047
433134
220096
818497
285946
483748
293834
429382
695084
473206
15830
135585
162738
724063
562880
540671
553407
307392
29250
359758
295185
818955
332872
902943
307098
977973
306171
732986
870203
357056
53366
969021
273213
335318
319490
718416
464861
607323
919865
671685
752047
508074
515446
820024
635596
746963
293341
425359
770433
460395
598319
806906
780917
952506
750693
58584
536708
399690
693742
52108
159605
220813
403638
302789
694485
792502
777443
398332
500127
496222
674853
913672
278954
861965
185971
285739
696341
211586
667126
957067
843400
496049
695881
417869
640926
89266
251171
860752
616169
870404
918407
188282
273214
306596
675932
913008
416639
645200
723443
753072
483717
838685
604248
630886
430550
396192
526168
225406
130783
145374
159105
455447
858492
529244
14239
873183
828436
174113
714811
198142
683960
522870
548812
924754
729604
152107
819293
526237
853836
766288
770439
294316
321521
612087
593588
393122
338511
138571
829888
452492
426922
190223
579155
730262
203801
741252
808411
18991
733169
159126
7961
824895
164751
617788
587419
327426
105925
870841
813309
763036
585945
342428
445769
706772
713708
495421
341326
382143
134645
155170
953100
866748
329674
543413
355892
244488
239122
877918
802767
203004
359345
914747
778480
58203
887451
816252
112357
779878
345016
670757
596240
194433
258984
895312
280990
689063
685387
796953
526988
405287
967684
47521
72766
348017
451361
309250
388165
694785
824417
248958
559609
839957
423283
694931
259403
437392
439368
514480
89821
134453
971441
439948
525365
175826
787623
130600
139052
694217
317774
516182
892090
263137
433506
637996
833495
259135
186262
17109
944424
912488
731579
596205
379132
310057
682035
348892
866814
466208
103711
601009
494484
730140
240430
415735
3474
881434
732794
281882
894567
322467
359843
153001
827340
896219
933490
98093
638184
654045
210311
995833
600713
960053
955956
448503
609373
135722
69538
327372
423127
301658
430573
652181
396662
307853
343653
184507
526996
844993
132156
709173
553308
794838
183025
847359
225453
821600
580114
972692
82138
9368
875119
862316
681807
278761
871425
170019
765748
573911
154055
561944
901211
455894
160150
354008
971412
74554
515122
986199
132496
524167
692805
182266
229090
369540
377883
257322
479887
206807
592214
396243
840342
946549
572730
103173
435022
870938
263046
171710
407987
498865
255427
653359
34110
256212
219873
622368
390974
257631
756440
265922
3245
930941
691417
575195
562657
333488
643879
859409
882940
631230
34384
296671
610119
131190
823086
900092
216955
100361
66234
233732
145311
122095
514283
455993
98435
998590
499660
53386
205070
467621
297502
290611
668576
289333
325212
854576
819110
969899
978786
945102
261924
322091
865873
762139
443503
621326
438781
664431
288036
777010
640158
846454
422993
459677
246326
931127
375738
732777
615165
998655
278738
684687
518096
559098
798081
421055
810064
137412
118085
40723
248697
148024
104984
374929
71633
459471
674243
953732
389869
109591
934004
221058
162120
422574
528746
774568
145375
40746
382767
788410
540338
523054
827459
257967
550516
186023
282527
771799
634014
938413
958971
516313
724047
427563
518912
579289
273558
462129
504303
865674
523981
263665
879461
819358
72750
663790
147823
339396
133226
677544
110023
941626
455059
618701
824621
81706
951363
941665
473554
717141
82380
569652
821980
271127
222312
292221
362736
423038
370981
226424
356506
886386
6784
642401
258496
327155
22707
913274
156485
458860
980348
280134
542392
115177
951992
562917
646453
700983
376850
771067
173569
223668
630101
657090
19747
277805
621367
651638
64855
147253
465790
663898
554189
8287
752688
420654
430089
592919
953838
375785
882991
935290
191229
180108
320920
590356
642064
255766
288998
301873
698109
417711
262067
124116
963471
345189
790584
262905
500092
844777
340980
164253
52784
403797
255080
47500
629800
925675
787331
439881
164849
817385
93226
722627
538380
34612
413657
243816
828521
205364
474877
177846
312350
737155
161267
893598
777586
171089
566041
846986
16086
947764
959746
278557
408784
60855
333498
82868
229337
5194
830336
311843
112620
673731
582915
839822
783161
124182
135386
907116
818822
82068
660317
682816
993634
939538
287692
579972
522910
386563
293092
151590
377473
517441
367157
11991
472780
955942
396080
568539
313421
463208
96377
11115
834478
925843
385771
410752
192077
57056
492348
587762
465139
761496
657657
809025
722412
263332
243587
609870
397184
696910
351318
865456
62758
965867
872253
802268
556628
887266
272343
885135
94731
280904
808957
295841
101370
141693
22899
424354
517543
13200
14002
630040
828785
378351
75285
245156
409535
44791
658168
318700
644616
184607
797703
501945
535484
661996
12831
629737
238427
262352
311373
354859
251477
351008
424803
877440
359429
422685
118544
284753
521107
665348
715002
495056
260613
247201
734888
515779
928855
744066
609000
889969
781929
134909
170487
159212
580990
735891
80043
82407
157411
538066
854223
705182
178078
805417
908666
1927
962853
847197
392693
331222
407253
210356
557460
688341
582244
271077
389844
71742
820174
498219
935685
9480
466280
208377
883974
132703
882767
525165
281261
870317
803843
372280
783255
375819
576334
754699
590158
405905
615031
338040
842145
913484
668575
967993
246008
814021
115696
394795
637788
594536
885992
562447
460214
15190
775202
854214
532524
736009
676025
134735
485289
953329
956731
387258
758207
837412
64795
49118
46130
687389
78119
213562
79401
890316
320577
198087
39541
655832
508018
417329
237094
568454
197400
719638
802016
604866
538389
324610
8586
770079
506680
563963
856239
516673
717515
844389
59975
370922
944719
795799
146022
120152
409857
43573
327225
453331
388028
577999
989426
810752
411010
315816
73356
245398
162677
768765
351800
809907
751650
282817
529539
58274
23928
18442
560221
51225
430605
172179
151337
167605
997675
321113
890961
395936
216363
682288
621320
90397
243392
12989
694951
147180
976352
574411
948795
986609
925389
881201
894477
203242
427441
152200
121216
94590
16155
798748
137220
293708
949583
438323
536299
701711
323024
367249
168735
584378
368045
384821
592511
387184
264185
748476
756437
448878
593553
58022
511663
881043
318207
674666
815768
351823
893788
798173
266510
368622
772347
16980
436998
67260
607898
685701
110792
838331
260396
814504
292113
915336
406274
242928
493659
875510
81089
654847
266485
524940
408798
926492
759893
612548
992237
162547
645322
45266
834164
551747
942037
612953
636900
886869
315524
73675
866896
775321
530778
336585
768107
795916
850584
943505
666662
559158
71948
233957
97663
280134
43030
789474
77369
846194
918130
876484
370015
52621
528768
936302
177983
100488
847821
800101
280660
573116
695299
616008
606934
533703
371807
687718
205830
750051
588480
361660
255737
491234
185518
953567
753924
50796
100733
491721
99813
972244
40557
498943
138387
812833
34563
173728
418776
660352
672039
599801
241440
587770
690419
824427
668320
483587
266163
380627
435512
416917
668620
655617
812562
824840
523574
252869
443237
80533
660589
1098
345459
512768
58739
41
736586
703807
331983
122540
562780
725439
797025
413315
628943
431571
926088
779905
351929
592017
110272
677338
756466
862409
831714
117991
739697
832730
529925
443012
93939
528462
490112
478158
404536
948249
667367
15531
840778
464413
245378
110975
770308
521795
911041
727989
97650
592637
789962
522563
719923
315733
215193
540500
42492
916566
718204
99806
860879
251159
79688
35094
546291
833513
976643
429517
99977
578316
932747
767582
874096
911948
649202
192874
242111
86934
548667
34828
65568
409884
537132
354204
566132
490314
888482
253364
125865
433024
440061
382357
728518
969288
822707
585507
676144
760904
224118
139604
906349
675929
250849
969398
636070
380037
647878
273337
141160
851970
367139
67560
232895
800758
580020
394843
459903
486067
939705
588205
465515
447843
831234
204254
984975
181373
554662
103203
52880
97070
125238
310474
612075
900205
544063
808645
390495
249621
48746
864386
845697
965244
967448
440344
786460
651355
898486
717703
312990
362994
145189
701995
953697
741779
330985
103068
684583
238473
487488
421438
12094
728129
350407
55856
573336
916704
505798
376378
752791
536482
930739
744997
690023
816923
829330
123487
475226
348564
392587
775971
756578
168423
665149
395141
418917
612865
906537
753037
842048
953554
416557
152414
186195
763237
176889
112863
827151
549018
908283
776900
40859
653066
869456
41260
683756
839089
783673
521415
246086
438529
624438
700855
34072
609674
940920
437323
517377
126279
851707
502235
94857
34771
729265
204385
335306
404584
79500
816909
960871
979791
601817
188077
532907
354493
304345
938750
711897
589648
260976
488985
613795
757056
691826
522462
903831
779168
368617
3969
550358
441104
94517
472144
397355
483240
377934
479245
836682
379497
185110
269327
436824
166282
102163
131708
93381
514783
736796
895007
911667
766784
4617
135728
128365
170649
35436
692475
782322
231877
472525
566158
623538
703805
707302
738847
669472
176700
629852
956871
961917
465239
408600
785779
892128
611085
619835
337791
180335
854260
795147
999498
763728
455083
955062
662687
116387
630900
753616
780553
64839
820133
730100
937073
309763
202018
153572
301236
976989
376694
328749
801425
241586
319369
565890
200074
265531
81604
964851
42988
47505
453721
578084
247837
346093
819026
135324
132864
76045
512116
964160
921249
336601
805772
943217
960727
417551
299814
28630
683553
878447
909159
85471
416100
344215
458030
218883
81542
205000
20158
119925
188243
192679
790780
631641
249523
760153
29018
847617
421513
955580
918817
968528
906975
377295
638318
367533
512425
373903
859577
954132
546477
919818
415744
824405
178190
302807
258633
132104
287054
646961
237670
106857
710442
509797
120512
848820
1596
688580
551252
798184
297317
126298
287113
877069
911772
533277
436755
196419
432134
825237
411826
103802
125226
657261
141159
978613
910951
844442
393115
313005
688158
846796
748973
740508
183652
165860
944340
411162
150089
936275
774285
587364
755292
668145
850917
599850
955797
9111
325014
206167
921700
594153
699638
860150
970415
189339
536653
831111
100021
274458
934120
38020
421924
268858
206032
132129
635445
552429
825693
835886
753388
527273
791619
429186
609666
766958
549841
635722
842589
733024
83894
347131
513727
850410
813279
407298
192877
188556
55151
709475
759610
326800
111162
224202
940614
58270
354338
689803
698051
44643
181360
529709
381227
101997
302635
264366
884012
606599
597003
915063
628195
992310
938228
446370
202541
800966
663648
15015
632994
958195
418544
213191
826624
518907
32181
286468
404855
423870
958021
461267
8201
903178
821056
744045
362625
401365
656777
768519
840363
710620
825300
76508
1951
224002
38688
279349
255575
879282
827468
245014
631440
659060
425982
16781
430630
821228
650959
323574
338182
698531
814226
449154
664235
180674
934721
730173
505597
769301
180746
990020
425737
620431
166449
123332
314151
459992
856300
405892
744191
896325
868709
699175
630775
645091
674734
305691
674643
629590
344365
633049
837480
569263
179084
718500
68354
800764
766144
963775
332083
401642
990000
514595
807619
89438
518622
757426
830946
806904
491997
605113
35821
637777
157340
55961
997630
401985
399465
880370
43372
511237
858693
39279
160316
624489
559729
595670
607496
168169
943750
684787
135535
42466
322357
150335
74001
895183
505208
71330
784823
695078
923111
119009
463643
365481
433686
638104
13178
731323
187398
596338
797095
289071
441245
974648
865887
230878
958766
320589
73007
294322
342638
282814
959965
992943
731067
761259
777415
768209
829191
504112
966659
571877
527040
552407
185769
71484
707377
580364
923259
83973
931713
504126
767692
43647
723391
806060
215900
331691
813868
963044
207860
369176
683520
852868
728402
989931
252659
505196
568115
581300
578566
414050
571922
437090
348845
979774
21739
181515
597274
186057
36963
975984
380132
483088
74130
662972
476306
697880
711195
58389
14832
804722
429690
36221
98533
528648
537798
432012
416867
248254
931631
794253
184036
629973
276323
999004
786724
161843
312770
879511
907132
490384
6019
147552
71595
771480
295037
223612
751716
195982
394203
671011
865432
768280
593703
613652
459695
49902
962619
748131
139696
346737
754981
665994
11463
407942
241522
454874
900420
867299
708594
5623
170423
22037
64291
509993
136091
350588
788451
362037
221448
979871
778357
981193
860494
363762
449834
857503
552752
30147
996416
743654
118315
914874
198849
564924
527109
770947
326897
614852
267458
62386
522857
258703
82806
747759
615749
338802
609224
107396
123941
696609
5806
963523
293082
975763
50428
986304
196977
55491
862634
461074
103192
418925
595838
792827
122302
584287
318131
357943
246453
553092
494861
84071
772904
566594
554678
123552
907284
764439
859694
88097
64135
895860
712754
389509
261598
827633
74875
70409
244991
379945
157463
447682
483572
663732
46335
182587
956424
422428
50342
832955
589458
544711
887734
881562
116574
865221
100714
79814
346835
313042
33975
136299
934888
343703
531371
174416
526766
318268
597178
422993
188813
764629
991432
628260
709559
967207
772432
110343
396615
497451
380711
790336
748330
465824
582569
964778
604786
222417
52474
203231
520256
99118
957409
531658
998671
282976
156543
474696
508630
902300
448152
595210
462582
661247
945038
139706
581486
592854
514581
454090
265165
44700
482123
139680
283897
150000
807649
589906
721295
719617
814547
370143
785195
656256
916236
137170
411364
605242
979356
63062
877062
913383
471688
567263
791760
151821
980753
516823
363114
924250
38452
628850
677573
64708
856864
822896
979920
258398
429177
524609
908137
68322
241240
752548
330803
546606
391347
743159
354786
759455
618713
182080
451635
420695
562373
730540
169396
884150
78485
348500
868973
806414
410646
473425
429252
896347
970576
426789
441428
576914
197201
95055
958359
212168
223814
899340
843286
304767
372247
255753
9519
425439
920264
412870
415978
280566
39641
744276
306548
680224
132793
785760
165629
536493
777699
882476
597673
65456
846265
420746
845313
501733
29497
579311
296890
670249
875654
648784
671240
991798
301623
991510
222296
925627
605219
41765
598002
120306
191098
985757
209195
643517
753273
696687
872473
241342
240806
9955
997657
504059
905873
699693
685722
317473
765929
461716
547320
130078
700107
9062
632091
568730
476502
983844
317568
170618
981417
818606
184596
827233
204746
300249
387671
52858
24563
715883
675717
67166
642044
620434
50963
774464
153385
16122
470547
618590
817889
56831
601897
748244
753797
347459
858453
284216
246541
546632
654547
646227
21071
884259
115987
717086
878254
387042
866941
820225
229782
589365
531015
512851
158272
682839
159467
505684
130109
915512
895187
293327
896282
368368
263052
820600
762050
145702
973882
889294
232406
891191
947262
376260
484563
28889
53120
557205
740272
515134
203927
380789
294550
381888
626294
995045
164729
49121
264930
813297
814390
493868
66199
561711
589014
290847
794529
915804
810694
355611
733408
933733
245073
802728
917990
224182
819494
342977
73529
329290
51892
698501
356963
824834
55809
362152
768028
144198
522893
808451
266153
236809
808341
894173
180744
977326
861487
222730
353075
391584
123777
566776
954990
753846
461403
508155
139534
891704
352742
377378
249622
443206
684375
411761
402255
956177
554124
254154
474469
930766
854583
753002
695801
566668
576256
159255
151483
843754
461735
141688
665236
64098
582285
570351
790196
65509
677656
936931
748384
304143
72589
12742
743969
303930
433810
760546
134311
781174
84714
35236
457305
858280
472666
663760
954660
785453
645508
610113
297289
51909
108776
571068
461916
381206
655698
986113
39636
479905
78275
628134
456208
259386
614646
396678
918356
788114
344171
958731
108803
731874
102245
661678
857968
15465
985498
13739
442922
141324
861537
808229
142897
192929
684209
635358
599709
800987
878401
121618
487558
303793
364350
789643
832544
51043
545347
362219
327840
18395
535882
917195
81477
592798
870315
199646
287395
585582
808399
847712
634150
569081
769435
997476
383784
730317
877342
228904
45558
226328
685015
892360
590825
792620
300220
566858
141819
14257
681604
623613
23556
576848
430950
114150
297390
923814
865723
654787
105853
250217
716060
205306
795834
560504
442366
656245
393266
401964
859286
673081
277984
632025
250674
927127
462954
922947
891412
759956
332005
276022
320026
656218
197587
525952
568633
305920
425109
167884
17575
790734
804022
398542
453205
694412
172845
178701
953189
368902
101167
834944
845170
268702
550995
307908
648948
161208
575272
637540
412198
147003
491514
461427
462471
414766
843379
724124
397834
474838
686559
834939
97853
973818
299750
523237
292927
926487
927771
666942
489689
609357
217425
608834
288207
294848
47493
848821
846719
429898
451296
525517
542751
857311
125522
483087
617614
126517
715870
160560
309892
848081
406504
333330
214613
544620
866077
401598
454582
704538
775186
851170
216057
967381
431915
931614
486974
242001
40670
343603
700919
755044
712548
793666
924797
930152
433846
722914
282968
494615
317951
643419
251927
789099
729976
87649
431181
255675
42470
613639
714677
780154
112770
561770
764212
366668
639295
614483
739571
404823
199454
256632
808950
224584
808095
962628
978069
490525
580643
325027
123247
827127
75229
996287
789130
322552
213633
269940
627495
531092
418131
973228
90961
231271
252243
623632
808382
575181
260970
882222
177331
823448
739576
66171
344677
329
34478
236972
467452
874363
501383
767915
801373
594232
271354
116253
131885
957396
164078
576220
905865
672643
800394
624244
146297
993049
292307
204413
599800
476953
134860
560908
619913
715130
960463
391311
523670
757348
575098
118400
562794
622073
628508
67282
874179
899496
127808
130907
969868
778680
700185
327468
169197
305470
10394
17938
594014
777696
3910
528949
456479
836818
52377
69781
485887
301691
918153
374851
348630
85599
724590
96081
614693
685597
238126
134083
386530
226562
915897
625036
374337
16202
306556
800231
108786
588686
967933
942784
729538
723193
196525
873812
544117
523398
179504
955885
902908
615839
875702
11517
281758
823792
258038
829621
43436
618915
352402
807868
369530
241508
318235
315988
686544
799248
607105
30543
693461
590582
242326
832734
492978
552240
474946
637047
802896
759529
302494
681116
168462
937019
364831
695031
412503
740071
39683
915578
615577
801411
382639
912973
370990
745037
868791
268442
214433
28650
400755
324269
481715
469849
6014
22888
393616
264123
24788
673331
605347
12568
798057
583215
943595
32879
745552
232284
886835
582251
375687
553029
436591
212008
662706
44726
6538
869403
773093
107607
612795
215308
877457
783051
402856
347510
913817
763988
136048
756229
781382
147639
700914
678302
624354
413655
550949
147632
165997
351469
403824
327946
758980
588818
662309
66645
55711
160802
652914
423661
443506
2056
896635
766690
211114
183290
270946
199140
77455
543658
645215
251782
528639
829708
126482
176015
538840
316978
964252
442026
667906
833096
365626
184259
49105
150323
78921
454158
413977
386885
903780
941916
289961
622388
327399
934850
377481
275782
116471
716623
197858
466818
594743
527684
220726
55371
110632
952792
578935
422591
710856
599773
727957
647255
692595
969532
944602
837972
998642
29464
150842
430666
334826
403605
485152
67031
749961
983758
884065
776835
129188
532241
677875
85041
745896
549279
393809
785334
113291
387099
59261
292820
449739
151765
226836
106263
999699
598960
75717
234924
439229
645316
346791
829547
218034
463518
342239
47792
218506
105049
23589
601698
780150
366173
812953
327068
417982
946748
293877
607669
118830
880907
172298
374305
523574
181058
441839
833459
953028
433229
517235
963944
310249
685597
35961
524923
729782
410052
434314
7199
779086
678217
692704
168781
197369
177251
891968
318558
479053
823264
734831
691713
415486
111500
871724
867407
496061
192045
153916
38220
372062
514107
474331
500585
754362
796829
478324
783567
81404
906498
719547
204492
864374
23425
27806
150043
236840
465175
419833
648650
948781
745587
998119
746429
303107
764206
509845
875330
189389
905867
624536
574188
334201
61846
46573
582635
634749
225950
987777
92691
978027
982413
293444
91261
750032
228886
311136
2868
116620
378782
788737
32423
482461
504808
963211
293596
705062
228617
689719
339955
942069
249909
247410
186312
581830
683812
115938
241944
364060
919410
257894
318584
356864
965253
735182
606730
784328
529627
911870
264919
869622
860425
233921
872169
377563
400999
313344
913846
357037
895061
649360
780757
16269
490279
912517
267438
60472
752527
881202
501434
668309
463967
247904
180605
764926
196642
633609
571758
292356
359708
186984
483077
985297
782252
421383
847732
539860
448392
822982
118728
458332
233292
715069
457199
454810
167868
651289
341984
380027
105449
899314
929710
721277
167292
913902
241702
871075
553573
844621
787472
908254
645168
295955
592699
575891
823989
143546
298319
303977
170327
663111
453550
762596
377617
193129
461025
644435
558216
218732
754989
669410
635433
966696
522521
248727
804920
527258
367546
481868
805895
667738
930594
363785
5415
428180
168274
16599
558846
553438
406425
103007
668904
56916
795108
697476
915453
438463
161008
335638
686746
758443
153626
579985
49933
31145
120350
940210
7568
470320
342395
678413
89643
869616
999752
986020
501792
471272
908519
69819
452584
732360
884918
143304
878167
883546
270305
993261
632151
414198
91120
632023
541001
821895
252596
819374
297681
162305
293838
399988
418946
667951
534060
238607
347145
663031
134709
730090
445559
600408
496258
387379
120912
160461
756382
335338
697485
294750
478503
217486
562599
875196
766094
474820
225500
749230
785472
750070
452169
406146
272509
11802
807290
23391
496806
326027
273846
763778
630634
168233
899712
216825
135564
770685
929006
850137
494772
658008
108502
445769
614871
111589
82026
324552
474605
541901
323481
190535
658048
115096
883424
657802
906116
863442
336716
364631
515367
295610
900362
862936
714999
902788
167723
746702
40745
930335
37600
922285
695296
828193
531560
19900
702430
508572
643965
797910
405977
359630
779877
173756
840488
248599
384059
17150
849042
112436
307897
437896
361240
275881
158612
600003
553906
623347
543767
299589
933663
504386
836760
679604
51179
298662
681913
170623
938748
464356
241466
325619
532942
189587
528266
720365
922231
90079
71911
178433
315606
273661
275330
912743
316553
926382
641020
123229
114997
33915
176623
366902
336784
598430
518709
407145
542656
399992
317079
678993
17170
194431
655338
943965
864055
522747
111252
642458
521701
441772
176360
423932
222465
982712
176270
610852
403980
646033
717725
458120
993585
680570
542178
915641
573004
939107
866176
320995
494298
715437
678399
438327
603937
76784
524111
133399
347648
575199
292317
655687
385550
304794
759677
892368
459545
226576
172394
856402
186770
846050
444122
373797
963935
941030
425891
632290
444616
870812
882774
327319
774605
889416
507139
758443
330473
343842
276440
239283
41766
111440
899460
900697
529968
563574
342841
170221
224662
991609
799359
690447
865868
669832
249628
391252
664733
775535
437320
851654
280936
14938
48088
848320
491542
125015
989127
941941
650320
499165
152283
86523
621911
142357
613839
607051
844664
322981
624608
920415
370650
612527
228537
206279
391551
524348
838819
111164
309959
545742
145123
100216
760680
829535
872882
222584
986401
615258
991588
455878
540114
781109
925716
536360
876313
311319
591011
432568
825531
100698
3029
825590
37564
234593
50386
559178
595504
124505
802307
776633
646188
163170
11991
157848
175
904900
28039
624319
925166
818971
801217
10633
239893
496094
796708
632907
476516
679997
862924
667173
673701
415033
990007
937429
683786
211404
46197
176513
420770
161744
794482
705136
734342
175477
947512
335621
762749
218322
625507
677931
541571
373839
352699
649513
340019
398471
694518
296299
523379
964442
852881
467207
219338
288840
92680
705476
220801
932786
542025
135106
642055
470361
299368
978388
171819
518471
390358
14469
244265
805136
92472
905084
590220
950153
52567
248045
154116
117867
299130
626759
309733
640462
55469
948267
624165
437185
103885
912753
851132
584363
591846
267572
248152
195624
374074
5958
287481
75911
394252
244638
705082
820425
101874
227245
616224
924602
482317
34129
594394
963199
665881
984427
107853
61538
814913
183502
292192
508217
31469
492110
361633
792890
793319
775054
968131
581020
954421
97630
725033
394679
983107
599879
658713
715454
161238
241830
230762
974535
822990
618480
763041
225796
997562
79355
38258
627327
718011
920614
107528
179514
201645
2951
77060
917741
315089
242707
179572
318841
833674
173629
315959
481748
636813
880134
446599
990832
628075
188819
706553
875138
317296
107349
954444
61274
14133
365637
479188
127219
736977
643206
713174
431639
647027
69045
887369
254850
691015
127386
911323
453554
529431
625242
444884
934243
392714
980053
99091
610770
100106
952850
271836
637343
102942
359670
73439
614609
523846
616714
231384
155029
377553
404172
444030
437919
372497
410267
76316
621115
219314
42265
110962
437957
7325
864749
295239
112208
692544
913854
122995
777426
176284
212613
993998
179361
600157
705518
843688
453761
406980
36293
613583
582398
65521
291301
710507
967176
961346
798353
129541
323009
171983
383134
451267
313770
967046
357856
148474
652854
174231
973508
673638
714689
804991
258987
105438
888965
730541
847256
190560
597374
402208
408645
105725
549114
898542
237912
641962
924087
409924
891793
13656
111015
769826
305688
930762
749250
765694
138519
471652
515722
494520
973895
398101
784109
120127
124808
996966
89580
553202
728248
962305
664055
365204
64872
986879
749238
199722
389105
62519
631248
750928
739483
414192
876960
590382
45617
560228
90132
338095
609577
942631
314359
636304
580908
425240
939824
326360
609660
646084
521420
773723
585486
436661
205092
18565
733457
822612
467378
472631
511653
232117
23486
202061
413082
26601
705313
732868
777659
219130
299136
658256
575556
212703
695211
786239
218105
179484
56090
552720
304272
919858
570586
568791
587704
423675
873733
627086
334952
875460
237652
189718
915473
376443
132484
963856
380161
359162
768915
691638
808216
632089
352600
967328
918553
851676
467780
74082
342803
606794
431434
891275
814980
986774
910021
352482
467640
400957
354930
224028
651697
830957
294525
225560
272032
809241
869553
277333
180378
107719
46742
62640
265343
398892
635329
210693
68404
593344
194464
132972
233215
56673
645557
236094
970325
644851
995556
166621
523235
44947
895239
576913
210731
993140
298076
253786
627339
201231
914347
861962
9832
231921
524890
72525
450036
617186
271678
218496
432340
443466
205374
514059
126895
86438
760720
127543
355424
136466
44888
440395
48139
485844
509950
970933
48833
996180
817415
728292
903585
796429
298492
811754
842208
101528
140425
300847
372648
395314
555265
931410
444662
857975
288157
477780
88746
956601
223957
64404
594355
5519
958827
776228
852975
215340
3491
814124
544661
696323
525420
785609
583286
953658
519777
330661
187419
349206
727389
308811
878924
437152
398559
283422
191708
955833
375846
208185
534234
417753
675986
931148
20213
129041
964074
573250
294252
630584
38389
52151
306155
448223
126925
571710
407145
502864
395790
464255
624699
310144
126405
978203
486993
638104
249817
640981
208769
64725
305204
350173
339643
250950
958792
950392
895031
992791
968317
452643
852618
159452
302354
812202
975822
744420
312701
59914
264018
3288
264414
567368
951278
463274
952148
130040
687647
637210
530645
319833
847389
662872
128840
407511
345844
259886
850014
416012
647969
831838
284917
55893
652975
939063
737394
164661
724344
322197
503456
146480
428587
310717
184738
196455
438400
937327
280910
200110
989563
25981
639932
109013
914230
72645
378435
273427
411957
397475
997629
587006
949226
491356
453060
516252
920365
924560
91103
863582
506640
150336
503359
844654
350076
401050
987095
207553
94714
740157
193178
695979
622225
236235
118833
182551
390949
653879
41487
989237
462043
376515
752666
24264
951364
853636
604775
341350
422726
333906
39241
352641
694657
919552
572293
814984
950292
727690
911351
663723
964541
597000
685700
611261
806268
947270
602665
909248
785315
228668
416221
332128
386267
289104
85225
617571
17271
385095
605601
831085
309524
383585
715378
916022
381485
941077
660734
627529
502506
538754
367244
987930
902936
517248
723256
333292
827715
889264
28843
923252
846163
37582
130869
697613
769948
629965
989240
209085
161119
564711
553010
126363
801521
602585
239514
139288
728283
194158
692218
933984
645337
186452
817517
433441
708831
765179
207097
729836
918964
460361
711528
337492
959317
969943
20266
622893
443324
493572
559947
631523
451941
892360
109224
525082
610350
192689
696076
22122
658689
968182
541798
41866
450991
632373
398435
243867
461977
262677
21437
156042
214231
311001
28305
216790
853018
768775
896584
270021
316473
760142
715340
325884
550878
345103
876611
643086
907845
852184
842002
537723
629666
121010
251959
570665
975187
28030
595046
930951
37821
135322
19309
654139
204977
299114
717440
55258
383615
812211
677876
975717
806863
44218
527765
756820
198722
332330
858303
451495
415430
336891
661101
76857
526297
630602
285828
476064
830574
287763
582952
584899
387898
76297
117450
702262
721532
525060
711904
594873
663244
334682
375058
427590
95749
256192
491417
432483
93054
372433
190141
637697
664149
516949
79110
342356
814109
332482
143466
653544
969057
940122
537097
221242
813212
717955
663002
221709
705372
410036
52030
862306
158647
45553
254748
795729
223420
221271
878602
111475
982543
380917
610940
179289
760016
781297
329195
739609
381068
583140
37347
71802
899552
540006
554814
728891
917572
428650
12589
629205
329606
516886
841764
539172
827764
30857
587249
828039
483809
229740
192498
474299
811446
207262
87269
135021
98894
208811
639997
99276
763182
334087
372944
729773
184316
69123
208446
798597
102335
462976
59921
854076
466298
501601
619157
103697
244051
985886
92757
43210
64767
228521
141013
724285
671288
572477
606296
577611
201719
992385
313621
211709
963391
848663
936486
399272
709981
203871
438474
295229
893607
355650
140711
582011
495599
703857
257510
499375
451181
674744
696931
93039
257394
265675
906747
354902
808357
937946
389876
186236
441634
200919
505711
472520
758218
234840
120367
218210
675704
238777
570213
444714
255056
783913
540059
377003
908609
40684
558465
406483
224024
475884
399089
166888
403954
995901
146845
420123
462877
263002
24764
624821
917092
226865
863542
686897
74833
