557706
827329
687078
138286
486977
875191
988670
759509
488783
589487
980098
6217
419753
727874
604802
84544
427539
662724
51793
379765
28463
743143
138473
215059
909996
614174
294865
619620
79136
363602
285710
977316
562864
264118
655066
300533
790140
358448
88045
375964
753284
937976
338742
47170
111332
31217
245614
780286
591212
726970
309245
635044
770591
214581
213221
647219
563624
257448
94735
58905
275936
176955
547062
891527
393309
846011
388832
434683
716900
27070
327890
836226
720439
161876
405220
973189
90478
599934
179742
197023
383061
701882
776808
205261
508024
961717
831823
753696
10700
397649
871425
694003
294754
726375
614379
727237
700562
260935
854074
735303
982147
492477
679101
594788
902182
770251
523364
224058
52470
815101
703850
77507
991410
69501
445548
320998
170217
459425
186066
602227
233162
980608
930636
361701
592974
975312
538829
369295
984158
12921
824543
484084
366441
398381
727618
307883
792421
327163
604706
11613
683538
508584
283634
74068
108319
107081
420457
495671
14065
920189
45736
366801
827618
714535
331899
928714
959341
843525
29405
439988
448754
961594
718417
533823
794576
444871
263645
733657
215587
45538
247153
452532
275222
877481
754294
775359
19546
506940
524985
730282
333727
802954
200159
709685
593931
641245
307823
479447
911482
732338
772603
834957
960867
337899
402805
259451
512829
516746
153332
102864
966735
554588
576783
757799
192451
158985
723426
784758
976736
206869
859075
690669
233588
204307
812981
518064
153578
942271
891366
13284
37969
668015
278602
605944
697699
593125
61485
79487
857978
33589
353903
201616
346372
696937
815424
10020
869430
672068
709330
599846
605762
933008
817955
639170
446228
146425
135880
963681
80634
704558
929088
915266
805765
767424
543629
63316
873118
138407
581943
679873
8334
619841
942438
709391
620522
769940
196394
361547
35182
346751
200192
927747
584598
457345
620479
111550
642133
393253
251492
604732
864271
755735
292692
809483
346147
454589
58480
827547
969292
846201
599492
510097
830873
557926
548736
495083
142119
272428
58437
62789
793889
322769
440074
956321
930680
499562
982192
435196
877133
310528
470565
758992
945177
839068
603734
136137
203282
244836
515864
782535
742286
919679
538333
981330
779746
256172
140766
300617
465494
120214
820901
124352
485977
955725
18180
679425
824941
116240
54729
301474
483129
521756
219504
942894
221739
333083
506260
859745
478871
880706
476382
459171
77584
871050
84756
955985
975358
147762
718708
590943
919952
761489
245196
329872
245924
753559
193041
718844
246486
918948
576959
115251
115119
278153
711271
906464
213069
896987
766139
564246
436694
29330
564248
388101
784310
761679
521494
737939
709714
284476
150488
714757
695841
790568
866640
787189
304856
667900
419402
424569
111282
356214
761108
79111
98977
101164
193910
280867
529650
864089
664598
824764
76468
2566
174816
680267
3908
962499
154048
888099
993345
62698
222057
399457
741790
178099
222200
404207
786432
574576
247252
835294
955225
841879
800133
314676
460025
299602
805311
732556
891873
973154
288132
29833
87608
624381
315583
692468
289984
144153
950103
773941
135582
798496
430714
143800
672333
927347
287176
805000
230387
760833
13796
988191
540442
817037
735001
851953
653833
441191
316645
369395
603854
260700
547983
127506
612102
430682
519129
833679
377079
495034
333697
541044
30566
560022
856597
390355
37032
255493
694760
96740
309572
888765
789062
109048
123860
717608
129335
758967
245592
628572
769982
914388
462122
525613
766862
778885
109923
625293
599320
46167
258032
843988
638276
781160
734910
628295
802397
741825
359023
44610
265422
393999
406893
606758
924781
11008
643886
412723
964466
193206
739565
918661
445266
748009
507408
318474
125997
312870
612685
882978
961411
832351
298596
612360
545472
185457
526192
233913
564245
56020
779121
642616
867902
751520
38404
351433
996987
362999
252166
66570
932163
943744
463461
316555
767068
805256
28991
200241
978667
831330
55406
634731
527288
291426
879140
806822
601289
337775
4865
888464
852276
331754
874047
685709
320434
55803
91957
88805
834811
484765
98256
238500
53984
824289
587458
5955
820647
922991
712222
927631
344661
869353
193415
219784
283908
567378
256448
615947
940284
910596
393398
37046
256817
986637
790921
846022
414963
406093
250285
767733
579260
380934
452380
789670
352173
854731
190291
942932
898410
813367
632551
725594
83391
685574
935195
61257
966294
369369
350564
948110
448289
983512
159587
646186
309698
197695
316119
746653
953286
350460
713035
123821
795624
928482
814845
2275
239819
979601
194349
549870
387694
151375
956506
917270
421286
146182
764429
144989
550756
984063
270967
245403
691637
675445
576015
494928
840675
594759
578236
109198
85190
759053
332708
816122
850855
500151
391209
854123
923470
344719
839055
324476
318077
439633
53788
322016
528369
855470
496201
485122
235630
985073
516108
384573
865205
948457
327347
613321
978030
148126
908845
467802
709170
9665
149934
252783
227380
612771
68420
457302
253221
277652
98429
603835
786878
443680
648629
523148
791364
287740
69164
173055
579865
864247
229507
814289
423670
461045
249955
385921
92447
130869
521160
964274
810157
175822
44447
506404
572815
725420
756669
228152
123817
738246
94281
774354
697164
46783
762291
880419
429970
910329
487906
705115
370618
300484
543009
423987
6627
139092
78714
253208
551844
248637
353305
751614
312851
398465
42
329607
94290
185004
967504
860175
979988
621077
437955
183377
116552
554455
495388
73974
479815
548286
339111
21544
661057
593501
827223
844185
587130
872924
702266
465727
132848
556957
268769
955226
8944
127126
90311
7005
750793
188288
568259
233836
240385
798475
532553
397991
260657
263440
574441
550107
663623
557997
160615
570984
495514
230819
385357
124705
931653
32645
85920
33674
828389
282911
970
786670
495058
574642
357115
522304
821870
698248
917585
537546
848620
679717
320345
428065
23661
316038
571280
541304
744916
661516
289000
930752
38998
189338
80401
400501
390877
408320
904625
728
621335
957952
208012
473758
529811
221913
441571
639883
869799
635967
642642
671114
691127
372675
225054
318001
361131
374888
109209
839765
166244
236307
329674
983422
659055
259396
466082
591306
789773
608185
211683
580751
448399
669128
607373
582615
408045
344532
635054
469097
840151
754818
526468
960456
56639
877435
874714
972188
942165
976627
678824
225326
296654
533008
123203
273447
214937
890062
601535
916189
759310
937453
530895
603874
613544
96870
16659
815150
832732
193936
778968
208624
580530
890179
978367
101047
544448
561992
480290
297653
956915
955068
419400
195287
637207
138994
758896
689377
328404
3643
771578
275880
885425
33401
426611
67002
241077
496359
653760
300148
667312
790745
453472
689251
847162
244673
791547
422957
919115
439052
220093
564664
426639
814356
283045
84603
683716
136153
160565
662746
738962
800021
714472
108349
743351
715600
297017
928953
656347
67631
