578023
67862
656392
176362
885473
888980
134335
183168
284615
241843
418782
342804
545293
204765
686375
401325
146918
855571
505959
52125
397332
98337
784909
479292
451802
689246
600150
855977
417943
643977
600806
495435
836094
764296
587209
271893
720419
991732
481250
122854
591495
494794
218636
772331
119879
916703
965938
961358
370495
637515
319857
319083
668859
876870
624526
396125
258081
758287
159715
96410
797681
607997
505506
469912
997250
142302
315317
23568
699171
175991
999034
475063
78595
934673
753191
307779
88896
485798
88835
890135
348898
526041
376975
854159
302809
278363
54006
358531
207296
767743
118933
442115
637088
821797
579775
924441
995139
618729
398226
158747
