552255
171348
510343
591136
410027
833452
471829
231965
78304
959195
146241
808878
739100
74455
160826
502933
546859
915883
59924
728364
52567
980142
987747
82536
198321
17782
558836
365436
768283
13188
106644
187480
740994
865178
584411
968547
157985
491326
389591
540882
655070
374814
877011
383211
306951
695489
587243
620370
175916
977479
58892
211718
844519
60360
31645
839336
228044
470621
411704
585762
90529
226037
53230
398542
204745
348874
242932
320950
647848
516781
914417
997744
232330
314451
445432
16857
717998
355308
771211
290180
967635
159058
684856
275546
422666
368365
235273
643622
150217
54937
108467
342302
204665
999717
896948
289716
288187
975175
283421
326860
879466
293871
967409
610153
457371
934627
115780
688130
184687
193990
950163
868335
193627
548858
449577
484553
741897
752544
65158
42725
156060
744481
469359
379424
851920
277788
301981
433895
342899
707036
474175
600793
541945
435709
592035
370490
981532
400637
172887
82547
162021
994931
311410
105177
589112
871506
524514
998398
394372
221108
806776
617899
865414
932651
662718
814799
66754
138938
298252
939106
49824
731474
67033
177324
975126
125190
206323
55458
667247
783120
902
667683
99036
312908
690145
688819
899649
506362
129572
345628
82667
273994
962426
433072
395726
858744
545403
461170
389314
838830
56855
705357
444748
41320
163406
46204
395238
545371
850162
319950
81223
943447
323705
108575
946825
44465
617072
799213
576645
89655
427892
889936
896411
793523
472939
752569
828894
896703
857620
391380
206439
552797
593996
551705
717981
931189
449312
640161
165334
726581
705338
156966
391569
509962
747699
562650
396057
799037
354903
522032
291319
754597
378906
846588
245969
337099
773028
964327
457180
871201
458621
43657
215087
104021
190203
347860
960693
81379
424595
998990
420834
724882
866737
777128
604659
664402
41169
704183
679711
867072
573838
710061
653496
162289
361808
188137
126709
378091
393748
922634
538396
396373
798094
727559
420846
227093
658517
543172
145568
902815
441755
739134
901583
446945
151959
119813
168513
932439
579143
870226
353598
519741
629224
343687
561181
264150
936895
741972
561419
423714
48546
726999
562248
210645
99638
891289
311452
472105
217689
80540
924554
643019
169131
861248
35483
942933
957054
946039
756340
160188
271759
499686
621003
439844
88113
784799
402426
320694
377655
627803
326148
540978
955795
209490
611212
291206
196473
357033
515626
466276
973211
513439
852444
662067
750723
119919
447533
911259
739922
513818
987140
188761
72431
261180
303871
518149
555781
472334
370650
926196
640756
517130
516556
582586
793375
142277
477364
40540
983180
241536
19886
562480
166945
991932
404934
5245
116707
552444
922220
432895
692675
790901
157270
50565
222975
630413
487523
15947
16382
341595
789811
550163
157193
143829
379741
18727
979988
783190
467335
31341
473844
780407
232361
345687
68124
265052
882821
393018
674627
643844
998846
259267
758417
276885
237067
9435
201458
630221
388842
297089
873633
701839
348878
864894
226544
324792
108263
419339
882721
267914
143300
19363
244175
686426
551010
14080
525687
899815
116196
1248
462794
684613
264441
565034
130143
510324
508275
525165
338900
5205
521681
680516
467431
523386
642143
654247
169128
908486
370261
376929
176289
365286
491928
286858
903479
694740
181864
384379
75683
230936
651741
477056
902748
527977
839477
2798
849834
317507
584093
694514
36468
255141
690528
739110
866872
445643
8319
320931
989057
693779
435124
892932
268506
316695
109516
500053
268089
987422
30096
868608
457994
35618
327832
736435
569263
799570
371158
992731
161196
537717
169664
457684
675793
46371
574856
206666
553778
355390
765576
472865
283008
445226
951072
49525
574451
276257
104941
254087
495888
904955
381501
523875
106593
617916
744387
241175
84677
293187
927735
585791
874138
238028
505497
813366
546205
378819
961502
754782
923925
408309
281645
284566
283305
906170
479666
993368
350330
263877
282506
502086
750762
315157
590855
563298
747093
902940
81631
885235
938049
417694
544677
514194
81563
80354
767849
154074
29879
291731
171881
90585
50869
265440
820349
945036
507660
34185
340274
470650
861786
832426
558814
949210
650021
396386
844383
819397
243104
527948
517464
53598
36633
798138
366818
201550
317030
825429
483683
748390
57232
468394
38975
191765
949772
801630
300224
478512
67241
34504
441465
167970
455172
268507
256808
770808
888948
274835
298098
444584
165143
677346
595538
171089
706079
923537
847121
530734
166118
382303
948981
707399
485743
810590
330177
631434
669525
811734
792330
600557
476663
917184
920891
666585
978156
518427
13938
596561
503049
801048
900693
887376
124715
41046
537225
556981
211995
238285
788421
875817
638116
673879
992098
812688
831063
463280
428264
979525
704502
420711
55333
785716
536109
549443
547657
716348
799145
493161
992779
676621
388194
524438
56120
386786
659994
207286
68948
370867
944689
106859
679349
508240
133035
162061
115907
117235
765588
812292
816788
526901
729002
285708
684393
612919
593450
456266
701585
654701
2110
495173
807130
194937
85186
271339
573425
379488
535251
861362
59915
974021
708656
501517
825141
966154
817925
921728
914931
120422
547054
115701
588221
554090
652545
503853
460075
44092
853738
424194
62085
366787
538013
940821
115342
653280
117791
731589
303298
564143
920851
42821
678626
634995
12099
578249
103180
460640
256594
285886
135209
33114
312885
978348
797666
623381
490573
302235
81419
422788
796068
61084
115983
301078
437038
735582
726420
456926
849374
75993
826120
208202
101111
435657
2986
443298
132518
630621
870859
916775
144579
609221
242675
857958
378213
605627
188598
564626
570239
618997
831366
281965
353148
622878
554368
463622
467992
401242
367970
987867
878963
382888
911919
99090
56320
466347
690166
770600
932090
178190
275066
394972
461765
797855
190624
706566
184785
989911
210899
524890
824247
138485
662279
310310
370364
614062
136714
637830
460042
413615
50497
184266
955455
332637
481616
454668
877386
759159
485036
190914
957563
844981
245990
229950
48758
350747
599844
215066
103329
61854
359723
861021
556146
421380
999277
108581
57896
817378
239799
4237
187822
885733
835555
65612
462777
588420
874659
975227
599664
96192
526706
953168
554964
955930
182866
494028
51113
958109
228736
714754
636874
56635
636108
235294
932085
904654
290655
426594
899373
734231
288653
176197
86747
607050
674431
960676
41854
554401
133725
70072
466038
903756
124816
745529
183731
583125
40360
139962
185696
162506
129192
630234
544542
517862
46963
232842
892141
94680
20509
428087
47122
521650
742190
860595
149192
631774
511020
248914
331238
653231
645806
661170
863548
873859
235734
640216
319623
503686
736213
960062
146741
303850
353555
691030
517936
313791
592925
506726
337980
636273
338314
244992
274252
67756
208676
99305
842936
80474
412580
664093
648485
529261
247536
84836
652307
832292
113517
945196
504891
362518
690867
318048
299721
592984
