805935
25753
369105
408545
203278
937798
223944
377176
483727
973085
656860
298433
5507
204992
36540
300458
828388
120965
84567
134508
657556
379197
874971
78149
208248
797659
14589
544488
471746
748052
866488
44725
56918
551614
388797
421694
666617
316847
505175
938041
553187
130123
416932
152746
257660
399275
500372
353297
931315
749589
250488
13573
199425
426919
651541
24104
682105
189620
386315
238016
624001
525954
270836
559833
826605
196494
204010
767525
209570
12616
866514
89283
161411
919500
917632
357688
436762
467293
689378
185362
975492
960007
890249
347664
319792
992335
680821
134512
851646
20531
88279
161130
690824
842439
813639
974010
245313
698115
795984
950080
341997
473284
532455
939322
397550
108715
476003
785462
336650
52802
342184
419424
882116
158394
998617
478217
225387
213506
839432
765394
756491
398507
795868
432698
556932
734572
229643
44277
980182
195429
629433
718952
440209
309516
568355
798857
294705
127443
450245
986818
807337
730611
297192
585657
727499
227614
317083
272805
851215
980394
708249
256845
770022
940876
200507
785874
614886
908864
708451
420110
773036
703902
146934
59481
599867
918731
934207
588233
311561
12083
622831
626740
49412
929009
451997
110817
860710
167594
170802
439174
73210
502020
830979
965193
453864
519664
666397
932801
792341
315027
219516
79171
986044
863304
764009
567999
350140
583845
502054
65153
896965
830616
702895
264482
392742
620791
732860
32464
857314
879334
11016
54898
993260
674767
800775
546584
933540
128855
648563
894362
486489
431374
475370
376924
529999
518713
421768
834525
489109
190740
997223
997701
941117
448524
21998
451593
309103
399498
954816
669342
427742
482223
295957
948516
806555
594997
890466
889305
758096
436222
886111
109534
392577
244197
811431
414296
968959
716224
270281
125147
67401
972953
155599
640186
366100
379715
835938
82212
439787
49929
749458
411154
841103
659089
150868
887807
673544
607158
724922
70851
329703
936112
218890
805623
347852
984900
296830
381659
791033
289988
566195
132252
997064
49423
943950
196702
640141
369668
287738
58322
246188
457542
852315
980120
811555
669707
551861
81616
579755
40272
980782
516462
51239
130826
395411
305690
294049
912972
827722
794284
950437
848976
733402
146331
31875
121990
252179
535830
631929
607773
671372
866546
810882
151296
603871
692999
89799
122480
920729
805520
531722
8692
312163
145207
945605
236161
300077
612666
382748
53305
303136
486976
255938
804784
190049
877009
904872
769932
100452
238017
284086
665830
458806
332356
15508
524681
184752
988598
183902
25284
707431
674474
409303
861917
142165
261362
160852
587404
282894
555210
100640
160274
938694
624247
921391
755941
143235
430023
197690
702936
568394
968778
688601
559848
525740
843435
783781
59243
103377
611678
288825
385662
328956
156329
535227
518895
408434
350201
843817
204159
752970
490605
567404
228663
947622
991384
630561
558624
453492
185250
313272
832458
480870
269401
336099
684117
911971
433185
211754
2183
374908
192297
300012
101877
855949
659847
296743
231273
471128
216864
88188
16159
440251
730884
565003
81208
650835
338733
976550
206923
307871
754148
546002
20423
609958
72622
775624
539835
768133
553299
440288
572064
82607
70696
600827
40797
949522
930651
255160
132806
351201
535365
691322
118793
237251
963805
505713
182851
333788
474197
30924
843241
949715
849055
900464
190495
984349
398442
447430
421198
751224
933867
447556
821454
271640
542854
221306
877435
153171
212554
156622
437768
957084
387306
883613
260412
719268
398477
908870
534580
654775
354210
595946
36880
190126
851496
972378
751952
639500
244609
336992
517571
981992
411107
576171
115782
76717
480904
324977
979036
979815
952666
943141
338086
537618
277826
636791
503799
632500
891427
291713
950876
636530
480683
96873
169282
959524
413941
146855
734072
525071
962096
223023
869087
394291
438675
970641
694863
384778
384594
429724
167700
963120
709218
298760
643966
103460
668810
916915
424807
755284
460191
228521
618564
712210
63939
249249
715890
308945
442538
792418
831899
399955
863250
178493
813415
66784
283402
719754
970966
5762
45811
31645
209491
161891
66578
185144
222157
874014
203348
37763
821397
789299
219726
999967
482795
278500
524048
36339
59461
675083
533381
594704
653602
273042
750782
485970
148063
719854
243667
327497
859160
371466
689739
635377
136302
22895
906040
714088
420194
228275
491488
540561
432617
97404
594170
204261
896804
15793
899166
431690
574377
362494
857797
586373
527694
661437
557441
76323
366355
736831
452995
670344
180567
206593
91644
674399
85229
945129
236210
718941
244913
342542
909484
647150
947555
92048
875030
665377
826398
797709
657866
520389
589415
13666
849570
323291
72965
450843
132102
531903
397252
368686
655476
273961
378450
819992
691068
42880
182470
561929
867506
716694
260661
482496
519181
221816
443079
588781
202682
31441
146224
207536
880832
476524
883205
566524
394082
369011
288970
494068
600973
159394
702921
106216
75243
692139
773599
393448
929508
28273
959768
231209
705692
492225
878510
59476
599116
750846
646460
268054
79583
60456
17688
329511
300378
979906
58361
287921
438198
793536
43682
627257
291285
48881
753454
853618
90927
509250
749071
373052
416090
701929
72338
20670
202907
860465
50267
800740
703167
824817
666281
855999
282736
382962
780180
807249
589541
463626
317820
280469
427443
143396
46276
861382
505981
763274
205396
302360
950342
93534
12068
435871
247456
8553
791521
173095
504212
41194
560631
574826
996604
310984
697728
630606
162420
230291
804402
920282
49905
616544
680626
791643
291290
393287
217627
70889
176916
373611
430163
428469
12108
830634
632529
569962
302524
236534
507406
606260
631482
148847
97621
987662
760080
70512
788
764390
700481
266104
867980
387295
750991
102042
717892
823703
715696
179996
593896
567951
825539
212585
825270
330861
403411
994686
655964
397259
276960
304780
37501
817037
176526
146882
983900
692398
391758
450961
418703
594844
222750
796867
751912
978676
883780
446317
569450
604342
983193
707753
898342
153855
703078
204401
736212
688894
256870
653625
219005
486086
210052
131364
191489
71671
785714
289808
975566
228046
988893
596092
706058
607036
573248
970203
551478
467445
234360
417847
463036
657316
480582
709477
28466
601599
249874
814048
222807
706999
638660
951970
328379
264468
200937
175947
506635
803436
360609
185646
850552
832464
846771
454808
763354
889147
727719
836626
307443
751249
23249
521483
147883
660030
4626
868141
105337
323211
184103
120211
700674
778150
72665
51147
983629
625777
253424
350411
198848
500827
961557
950433
170112
990069
398889
421323
321155
230804
825949
429499
162910
30560
701042
911799
364613
435098
244539
406315
759146
586894
788196
128218
310906
249779
355517
406148
726754
857227
762763
378250
265676
166928
363832
980621
685487
648490
7159
207636
274725
437109
579474
639078
60568
308966
133711
148225
572635
413816
419790
4123
705288
741260
677593
196499
712060
485892
539444
896038
83982
40422
862464
318315
802473
125674
599067
713058
17796
701435
271463
368656
461118
916314
379458
150097
976272
870675
826769
763927
268595
24781
621887
97642
412008
855438
704093
823866
221623
255901
206785
284863
346625
470731
873647
849436
419925
771469
85348
107973
889996
655239
20949
776891
492474
739961
11691
817767
753854
688700
100606
202458
600304
798821
888749
585740
440752
466584
935831
896779
351603
939388
23766
652991
277495
347764
795045
534679
588510
472930
833148
711286
31669
117837
351781
386589
673591
623595
554724
3935
208730
592132
195216
138016
483298
127680
396396
701056
832709
57577
539993
913143
188250
909474
375865
879237
285292
741429
850330
273795
91949
787003
134338
304553
170337
473708
439333
793843
334222
843306
560896
967064
832672
925255
44568
809352
948341
526928
83866
839644
51050
472903
104376
805096
263996
149579
541699
743242
924780
773976
212246
378650
44055
761793
641508
461907
989573
425767
708786
910376
898414
717763
232054
416410
252957
863942
265781
713260
103686
836952
354165
476040
339597
156912
566187
97527
853738
767064
621260
773999
416331
127476
351145
136318
952962
861153
739394
872123
238417
796693
544989
470272
278143
204738
578485
586713
230663
950949
799664
47135
724072
352041
395858
230761
146768
141087
539910
687167
752245
888270
129670
42603
725351
712266
424070
436073
769080
710423
617340
194344
330557
498746
593561
410614
350219
989969
313490
152963
955660
53204
798362
275227
645621
294087
778488
661875
78185
185821
947290
293698
687405
657638
120220
47806
732897
560924
796817
492803
332417
679663
568356
468092
805941
687590
656701
946786
261499
912163
595288
485349
36006
921731
889503
711825
759218
314748
638882
878431
878252
133838
22408
96857
860904
709119
552809
86947
978258
342938
243954
238246
558936
840082
230389
572548
460558
69869
536643
373344
657097
475783
102470
591854
469389
665530
426988
636722
468071
539071
104133
454326
875875
71415
967589
880425
513120
671539
206628
843113
592260
458435
923416
760365
97254
972547
288539
820281
219812
960806
576429
784583
484410
93705
252131
836998
269500
864243
400739
68668
948797
680845
783604
654183
697139
971613
510227
40008
217142
720095
155521
577477
673876
89413
22816
737702
476784
317382
493743
221253
144356
593972
70959
720522
329557
877543
919783
129344
464402
862510
720783
463445
952033
72806
50096
811731
153056
635873
119416
843551
542605
999206
722618
530157
393152
170021
332289
514537
496678
559348
689551
820380
645320
805777
758600
390075
106181
340123
158253
189951
27271
450513
849979
545485
462114
179747
697749
279410
175992
785876
648591
663734
569594
292926
611054
134116
663339
237691
175101
132455
676785
287641
133080
825536
692203
668481
161736
860450
944511
935450
302575
952624
487059
857449
64461
697724
594056
685760
601413
229849
505026
435815
290745
776906
817021
962662
996810
129582
228869
117990
908326
914567
288833
851521
130700
695100
97708
817999
666161
32597
569287
955457
455454
373725
984285
354528
267954
89940
931996
799553
964874
10627
993994
743291
638168
630404
419293
460855
171522
902902
130457
174663
80278
492190
139024
998949
968536
356624
433161
584043
672722
702538
450229
276388
789301
795578
462994
844828
337685
175986
624399
657296
56008
955742
16050
681511
775828
581427
794232
464294
552370
797306
538383
419450
100421
755048
233998
475819
665038
308329
388363
425930
154120
642236
160647
443715
128421
607056
143735
356475
893998
452281
961759
583479
450864
751560
513320
832195
409196
928433
148772
277323
612567
123791
278006
812914
930038
934354
546152
298441
748446
702755
669699
641032
413499
44176
937300
525247
801161
257120
467507
57927
587773
84691
56053
259062
50661
433093
367551
213943
291182
726339
92835
60380
39178
204576
924326
644014
39368
946174
298090
279053
670979
777966
36392
292513
810593
67458
502089
999968
431974
398301
769159
307273
474846
275580
585263
264869
706215
234352
184617
314894
502228
569688
66294
116003
721957
197101
965812
158159
176453
970332
401433
709236
505503
345012
130092
173806
488433
210608
121459
110503
600086
463393
36543
490055
967474
25655
85401
356166
110781
538889
120480
284413
229596
265475
138596
622340
109982
517156
738789
625421
112894
688128
63609
362937
666903
645708
257945
958061
939025
374902
508206
768131
889572
559024
574034
233188
769624
316787
123295
342832
487746
503859
544398
586484
232813
896857
231703
761912
276830
176927
206343
733158
266385
663346
881145
18997
418116
116658
746925
665078
49506
699692
971204
341937
476994
880105
863789
786203
603565
309851
697865
854991
868446
782265
907220
896610
956361
505330
185508
810150
368592
470598
501282
484839
680232
564294
835514
470300
512026
148469
290745
214340
789547
495871
151674
277773
618865
553493
226340
984418
605867
669186
403100
697855
893518
142708
136312
238976
545202
239126
671386
321572
473354
18808
682422
55557
25551
916876
518752
873858
250050
795946
723774
699297
75863
56227
387363
430556
612426
442062
96794
30112
848438
954598
45963
26839
803184
608722
954683
206861
684575
382071
344586
552126
661529
215300
343225
536176
520647
611538
246462
883582
691962
220357
979044
290531
116992
470275
226846
216423
139590
394831
691854
334195
198598
44839
369775
661240
198380
910043
432942
131485
702037
926004
95465
677672
708139
147602
190970
318730
786559
858842
809663
209880
105040
711144
928735
603806
651890
135688
978593
852654
590542
4009
358702
338193
96502
225839
860305
123757
200700
964070
524805
679433
806483
314006
780037
674346
823375
389099
418441
772511
128993
824144
382069
517918
199257
209622
717254
835235
718913
767198
665219
16615
651170
957751
414367
636100
379818
906858
704330
163814
511578
956606
691230
661888
579834
638086
662243
580521
367022
660175
493006
161397
110041
541356
155439
440439
626112
243632
911715
518935
264689
340135
445841
837156
128431
259281
918529
447234
804384
159288
475597
747883
318513
39570
772107
453635
483648
166904
801487
203125
665759
233327
267372
426855
442991
265691
798360
732706
706439
168354
392920
14664
867256
280264
211129
726688
327270
515913
363483
366530
948426
627468
122556
968931
753436
855805
278138
316762
494926
994154
181554
706102
941880
838708
349665
894581
151905
794870
373726
680148
983653
895813
690409
683245
96532
686516
699380
779270
503919
592110
417580
297865
435184
484725
985772
531000
424287
696806
293196
692682
177866
228097
43504
660936
866045
870128
594357
155496
823947
614480
55429
153513
106442
907632
492265
914271
7201
189269
284309
220277
121228
776265
967607
995770
758560
705839
243160
116672
970355
368108
386092
91822
999340
329938
692468
373103
631141
19939
742437
542949
331880
93143
690888
72434
28618
315702
298184
438927
97339
968265
745589
871261
641187
715396
268531
453014
832764
745841
886653
121827
498573
802369
892021
113260
746202
315648
72678
519576
666292
931374
269103
78730
254797
524396
307790
71116
297762
615152
322632
299442
548667
94021
353878
378403
35978
147167
506844
749193
293290
777112
821656
748528
97549
478599
159218
532731
75585
552688
638367
840162
295234
636655
349340
319444
358783
539138
930082
462130
584338
62924
818422
730221
176831
558648
436462
932378
456613
74879
411650
624945
645978
314847
478846
432005
71244
138237
739636
672667
548945
766289
772534
31048
759155
216091
34091
311945
894964
650092
565893
919198
264126
162416
947170
569905
310544
625031
325061
361952
456101
71799
834242
246418
940588
765926
661817
81054
876415
420159
74034
346628
151688
832554
854588
218308
520896
685423
160714
520183
13130
596552
109822
78576
624912
656603
344098
632764
278228
13368
478196
53332
694103
297060
592244
514462
968043
956050
982512
494729
543922
121930
731327
55954
971080
9665
478152
180760
361030
959167
124648
971963
744067
10045
624908
326318
460905
709603
288860
666952
343333
905380
163547
655083
575783
565910
752916
508889
356645
642611
598133
538737
301617
38664
710742
362527
542417
418009
349195
591103
285678
602195
41982
274304
859239
610990
462773
769979
76282
935608
270313
343849
880295
814034
18048
824214
339343
300812
3911
856660
725675
44654
510087
145720
21544
917759
356572
71476
88680
562884
504831
430985
636980
130504
245633
197711
252639
911519
454910
158112
843447
111880
816812
509277
935503
622234
737516
457396
324463
856699
535449
840977
65536
113046
97050
549666
850909
768332
565033
340696
862416
660797
484894
909012
115371
269114
496221
679656
321402
988784
5692
377316
948143
54123
768543
194051
317681
813638
556635
4404
602306
908610
778436
352111
684434
400048
615559
989266
166975
553485
546793
744579
50802
555416
394737
138679
574550
673089
513412
515880
396940
192873
274857
20636
510662
277315
27101
647207
235011
13839
756289
399503
11987
302956
868628
42323
683189
181808
452288
873843
893363
330577
283273
91015
756856
799504
327874
992700
9339
443230
326670
222122
47509
13940
8768
678587
253975
346198
830601
587492
775684
373765
992565
453944
931987
573529
554417
176124
957224
320113
408926
712960
843904
934632
377870
699884
60423
813066
177179
35222
120667
81555
829428
446909
872077
801259
207061
299797
786557
448466
642173
405592
505658
309810
863701
427734
646029
421402
169889
289050
902167
402602
255623
872798
55856
837482
445908
520638
508308
25463
427545
505061
672216
421946
128782
433383
258388
949553
778309
489907
781342
48860
865855
276725
398167
185029
115673
976614
964454
895293
292711
207301
198215
712665
762409
663482
980019
727775
823825
20579
314518
838583
372503
506402
358839
99843
227612
309671
191941
242714
81793
995458
213096
654531
878036
243404
110012
577129
60884
652062
631772
589146
37860
615019
221035
758800
635945
498640
702085
911091
353443
908009
443766
298012
526890
761058
302174
881200
192082
504696
66327
123823
821325
627604
687237
735083
979878
88629
364151
585915
380515
909771
940384
847558
18931
778658
504039
818924
31409
780923
767702
571237
503450
81814
253033
973771
983306
48776
871709
716833
603934
635846
214978
506298
36224
391997
78749
676229
773512
855737
953888
568072
374598
432905
507943
172469
966393
381093
167096
397168
907918
432257
352894
919593
351111
869229
835043
823678
313744
515206
176197
938241
713634
829088
780940
293640
728127
193868
797580
75065
155593
798188
795984
998906
561345
937413
927463
7748
824514
156414
20316
728995
391624
364485
132230
181888
792506
150430
845079
487587
427499
350705
454336
366319
147030
745282
159482
374769
25298
752493
350604
639982
907236
214621
204142
883543
997070
94393
248633
863761
801955
195245
263969
601393
919106
767913
310157
385409
849110
998343
668120
609927
934602
984733
995242
107400
167023
238294
368635
95751
999014
853066
459876
467668
558540
479920
58927
454673
447224
254103
954256
803647
631233
640660
527772
850005
130882
80415
53161
30261
440627
253047
671494
111313
754353
923280
16549
120514
837126
994436
450860
722134
133976
9863
540294
451210
66622
821388
587300
271767
237626
448001
598142
339970
577226
624253
106093
166097
779477
489856
612239
844354
536193
835372
312988
621569
767816
80959
982951
770546
930912
621947
269758
591744
579114
801472
307953
737308
923388
476319
465986
516034
873847
466751
539121
484601
953421
671380
929180
494763
903792
584141
7760
999952
201773
189687
493718
212027
884085
736805
676869
282612
399640
405518
757160
193906
172240
747276
131451
17057
536018
413898
493511
187226
763645
216974
607807
946632
204395
470655
107775
544407
710750
362138
128184
173431
182115
54813
542448
140213
226170
386589
839990
402486
958782
202393
824697
51671
689987
196553
567197
817654
87783
566492
259668
22006
333261
656943
147666
130565
763409
908759
695116
220888
712426
647276
797153
446725
492897
989470
34755
307543
221439
504264
805455
293170
804611
12499
721862
47690
175462
119607
674783
481239
190161
546978
708112
443742
787632
257541
47269
797562
613660
114517
438791
440635
642382
173724
625984
509783
645693
259469
300444
287144
844296
173808
448166
397777
867439
261014
484676
846745
634737
65567
140061
123341
137056
198891
943088
606386
843462
346947
908396
206875
594599
556005
702854
126056
732561
915076
872729
573157
934891
202873
818443
617365
642509
704835
967818
128135
669276
616651
351086
727976
70248
986111
245472
217337
44109
696102
693036
1900
956813
568192
69298
494272
471935
412316
692956
70155
387529
130988
18630
238341
336875
63118
725714
157895
567144
247766
801528
374244
914146
863134
215302
760144
80922
71433
484731
650625
90413
390492
588243
316367
190586
668431
403323
574273
739250
328527
28913
405571
334505
860423
76242
133045
194547
299019
496391
736222
779356
295255
141168
362003
578875
694599
479621
839889
81396
865409
38635
660214
301597
555990
71335
79800
413828
230321
850890
645952
937941
250245
651539
996015
130556
898678
201479
328178
347799
20905
633224
974037
259766
251867
988663
569826
664544
672781
454916
785042
663488
117731
851063
75598
762892
207617
418283
577860
179582
815128
760079
358230
9226
751851
822085
430210
10560
913969
715788
393144
972348
532290
75717
14821
668200
742473
255198
738395
211436
178135
988407
213070
57008
211988
450344
707471
588882
20205
605958
666249
373065
29615
865862
200463
854525
402412
715249
836065
582224
570753
241407
965558
975533
227133
363756
472147
39997
208433
709443
975434
791957
449998
622849
492412
257016
817206
242593
805065
129199
747773
597981
578330
702269
539411
752136
982544
866441
7446
386321
963033
117083
4165
370719
636023
303712
650750
288746
949373
362796
932497
320013
270109
521756
855329
11827
568735
263559
573557
357628
493738
215165
828307
933626
693577
184305
84154
545043
950393
32562
516849
318817
75300
118423
314384
917659
516059
537295
620347
990051
460695
957823
79965
312855
185594
507202
363753
857115
17418
444779
47710
12950
664551
138878
349799
720526
491040
434589
165703
655244
811880
400771
6847
561409
424442
972393
57914
231373
712495
857682
671798
248470
843373
169436
555917
777220
80937
533687
136715
193686
186952
60848
209347
444986
25448
73847
965456
666817
517709
673572
297480
668814
562650
765204
584729
191774
991463
199917
125383
110157
490413
963221
280284
870107
495259
643682
837049
13324
892702
437843
987006
653833
868670
119122
578349
970557
310684
727220
270896
223259
102492
148631
681719
373347
471206
16097
189950
313832
288639
425382
75993
358698
818389
45249
640340
228724
407102
354034
537096
857470
586710
810196
730181
189453
367511
795718
19089
963388
903314
937156
797448
939832
795597
591905
702652
414483
25048
144136
328916
829459
284658
494877
628512
724363
913901
596392
273152
694762
892879
910945
108121
684543
558023
247306
549578
578384
657042
560107
966624
181675
841948
490127
492736
832902
452236
803028
242487
874560
235980
54044
27180
449118
794358
772677
873815
687570
298861
489942
429571
402484
26625
727622
239268
663980
480969
355023
183664
968132
459488
694469
695092
954982
564814
784015
363462
57924
592219
972020
165019
479478
240717
882635
46111
62715
541606
16704
396266
722289
349796
963902
375689
805711
133566
283525
484755
48486
144465
272480
530965
457140
384019
446798
532651
379767
866131
470920
133279
120161
29117
922546
421631
460710
741410
956837
863604
486359
915711
665441
464617
888445
879536
628525
943194
640900
643815
163021
122275
821005
891700
753177
761535
790845
254551
346481
869978
256682
396050
379666
6826
482183
983127
646127
693972
262411
431740
811855
737665
773006
940629
257772
681707
853954
370751
159708
289960
25172
168262
681886
113162
399819
395434
566760
938410
510825
329012
97873
227895
380358
446333
267480
314310
224395
551823
136488
714831
147388
238104
508785
247194
698950
801184
201821
226222
404465
456125
507367
872412
843507
905653
864227
194732
887436
355381
597051
9942
212662
369135
237723
227536
214325
536149
979068
168982
531464
142214
65949
190408
275379
610039
544465
339950
722510
801333
735975
572703
905849
122262
285372
991557
723752
655064
323402
92484
470157
182927
474805
137711
761781
267263
694006
716507
849981
148016
829660
991451
479410
201035
37798
196237
898136
876206
715099
223774
295348
560364
28402
412083
263825
698905
902816
943380
954568
774800
879846
912712
973319
159141
946856
953581
854155
20074
121908
800770
53672
768363
736974
101803
197354
985840
48901
29859
845137
127087
336284
931478
705126
295283
178774
116602
791658
910785
419291
591352
606047
799118
871686
273810
744414
855373
93219
130705
265753
673092
963731
226401
894477
217650
323294
929141
921027
12749
544481
814972
953001
773412
83462
400389
460755
591885
529860
375165
346552
79045
606966
855246
551099
926224
854534
593478
465173
687047
331004
984502
996089
579211
468837
714410
277528
620784
671482
546060
288894
911078
260249
775514
148926
453654
887560
9468
850354
882718
451143
16550
621136
116652
801605
615625
130618
648823
224483
688122
316340
293535
225484
209617
189436
143765
139569
611147
461287
848624
777666
228710
50157
611990
50374
473756
805628
229241
385659
820421
989437
723236
430703
80647
618895
110679
108768
431193
420226
495567
326321
119931
150604
461858
494154
135561
776399
294094
694869
126724
104002
733520
83612
505862
918274
229670
119891
924677
855305
134212
566185
60007
857646
190251
643045
719004
847812
444429
779897
402660
168987
99825
444736
892875
957559
212493
919412
865217
213121
432996
264636
783731
698632
130484
469372
455244
964683
432460
353423
552871
688215
867185
534144
227231
61628
139295
286138
869916
492378
941057
280460
428206
643672
53023
229657
606962
737973
654230
718650
265404
976742
588284
85085
71314
411306
771056
146289
837703
660485
356409
58571
888097
404940
303178
370288
405072
897371
696720
645983
791461
511513
283071
297213
249574
174658
231791
143747
191976
874500
606925
881880
833381
74344
91205
131552
200130
707366
964976
247399
139196
211210
710979
940246
703729
90583
81101
592
762676
275368
738261
128040
191734
728188
557809
806357
306021
396147
957979
764788
287464
139654
506146
770831
409573
323940
237561
629000
615421
625247
383625
77930
314494
847456
255176
686180
838232
845386
907999
157009
733677
263202
848353
582738
11695
108746
549403
816618
53843
871943
48004
20276
352868
406166
419408
6467
919570
609840
915777
838579
95008
480566
27719
654662
690043
649627
453682
773895
756862
723349
206696
59513
824487
829452
350356
697147
288712
817485
135636
404515
982404
587206
879865
301044
743504
670258
481463
49110
724788
354761
532665
53198
279459
439925
988595
837480
294461
177921
923679
593246
450354
627985
384365
237433
287650
372861
822323
974478
920135
67220
89357
849386
976638
693129
488729
347933
8250
681765
247120
363487
313906
607748
863288
891820
289200
441152
706635
813682
946126
690674
703433
596706
863808
877638
245987
368361
268043
527976
523678
888448
85333
384069
163363
582879
237084
76274
605138
158859
868470
21760
798512
244543
818325
473676
876064
157710
553398
738564
796741
227913
783357
393659
252880
394934
706494
274683
941554
46897
920019
581071
602394
189762
509573
589382
569836
790709
7987
660960
345590
360603
616237
497454
61514
839132
468742
641240
524919
343702
700269
732237
555070
258514
764382
861696
512956
139338
689189
411315
451479
716445
723238
502933
666353
89508
32605
170506
766409
613517
947838
711967
677429
337153
265471
508553
220443
414201
715375
209245
499973
651808
519057
691864
213786
206178
27216
180813
576907
717462
941610
298825
258551
74054
57240
88123
733134
822549
213533
471390
51388
240442
987385
799322
457877
757469
884420
807845
944631
135052
588964
38247
27420
159463
831927
789124
752702
812459
615231
986418
320537
2434
542633
185746
651847
783903
337858
555150
916314
7988
233679
427362
235103
54317
526368
354604
590683
174356
175572
319441
229337
638904
578179
772080
676469
883414
168159
915769
516415
910197
432815
256133
969378
308453
95371
231912
26523
801009
400356
238295
742469
130770
917512
274694
336349
682636
990503
66633
540183
153662
41677
816101
840565
861803
859904
119291
959161
893297
415351
716126
923624
39848
190181
481564
812557
193328
179976
939925
311398
129986
638101
750903
125073
178259
203282
849156
494451
234710
42970
960054
743719
462919
394402
798973
677637
747592
183284
70170
941110
612094
124236
874736
575123
795582
952508
599655
764723
329675
146366
798883
257973
653961
511025
488691
933583
570586
475616
657730
262737
887549
368253
695760
310402
865945
584050
454308
519722
717351
177895
87185
487365
79371
248300
164958
739227
528799
908990
971979
313559
964292
128578
763955
849399
909308
879348
388501
568884
227261
145103
958326
430865
160334
421516
742343
373499
334391
630354
406371
120317
684938
873793
414966
625642
954717
237509
234668
933241
916483
835139
41115
342961
242981
295816
659919
991420
271897
773766
926803
785192
114179
832018
375612
31328
520666
185132
293498
839191
307352
274278
416150
725744
596921
666034
885920
625035
51
278404
844221
790076
420635
362469
621511
956364
604666
817488
523793
798496
234022
344107
123710
846826
985880
529083
269886
414099
98563
707564
880717
760037
874531
976578
460304
433123
188200
380545
85952
239573
551906
631859
150616
354462
687673
702326
409701
239238
105647
699004
219182
366941
10757
427376
23510
909243
85157
539992
367562
34881
944825
766787
916252
239176
64820
981485
669315
549021
554230
546367
190722
158649
407256
986754
539
546032
977338
792642
107800
916972
500766
855579
586518
192891
589340
864770
803382
11478
117997
127646
693406
321672
431737
135116
728928
47848
84300
599328
317243
589930
235610
653033
259833
931374
563807
227582
426182
926377
556075
374525
20274
442092
541649
393372
662767
518996
930620
680252
851279
732145
695745
419756
608459
288202
963340
717508
837915
646956
72673
62294
283664
738657
543892
950718
228193
423846
813549
579740
621170
618909
980169
67808
38690
92288
423242
772687
200526
409500
22115
818180
701020
188259
363971
968683
794790
82931
541489
532995
35327
815843
89065
313471
50468
977564
529870
54487
129007
3286
107644
282742
677859
473112
173006
921095
40062
147150
409138
897713
346222
761081
51390
471657
729567
960905
984608
911026
765223
336938
402927
616948
930294
659460
145768
487118
279200
614805
905598
158152
243565
171185
815476
527026
510277
303821
958972
540604
271489
243388
713457
645551
481758
153416
833451
376625
31670
134227
892820
699589
351441
536872
359897
590876
858577
356203
530644
244189
472152
192522
60178
812661
680295
223577
639558
540295
684866
4599
8956
440241
852539
684554
77637
557806
241774
917977
466607
99400
645210
749386
597773
448628
135678
902908
77351
787274
492959
1894
346358
216755
287024
909793
617858
454839
704675
566104
534096
987088
365715
477572
101694
748730
209276
161431
961607
280703
376044
298168
870521
890381
545717
471925
254686
695170
297501
966291
933192
452345
521952
88901
663320
122988
614993
459481
329364
376681
104112
700613
612413
265456
911878
81319
912115
153855
626231
381741
75673
20749
97765
250677
786480
476280
77895
618171
117876
351716
276541
786917
524502
671448
943776
137471
182145
151735
721591
470039
940326
884017
579740
658998
876219
239361
116706
325006
666113
449613
614163
265989
856012
281361
625544
616876
89542
373612
7969
184790
337098
184024
905114
122584
505380
555536
585609
242821
863584
293680
440128
642923
263374
93508
506301
339714
54991
701028
950890
298179
983711
439729
212854
316898
341271
732514
272122
534853
304652
212701
442182
733542
517262
145012
90926
442506
766069
139954
572750
710971
151252
376751
659063
452651
267266
689550
571599
810647
721746
598563
842217
333415
521079
942826
311414
86828
676943
976546
480695
796737
418493
368960
252929
809232
33985
746943
653267
797457
386514
696806
131082
979694
402133
917512
547666
942231
282323
156231
73018
542173
227743
717864
477847
969295
87709
697095
768371
967740
167548
513290
23003
512127
747203
401358
431564
164994
109689
12230
456706
11665
174992
469133
409089
457526
334722
223202
8331
462485
336354
176281
670965
770019
985960
310380
103020
929340
25028
50588
26535
637404
317551
91967
572119
97949
138104
530656
985778
192754
583815
640468
455242
386505
6172
85603
901909
296676
900772
147476
703180
253551
289953
89969
592042
738209
906146
253422
552953
621355
510285
687507
483535
177583
597349
592076
64010
88715
771436
441622
949690
873513
721739
308611
408773
810283
847020
540821
500278
531450
231484
688783
824157
975438
21398
774846
660395
532229
674410
86645
712868
777473
641381
800549
859052
330574
30004
32664
954852
672911
611452
838611
158788
546040
699877
48678
396678
193130
862413
509846
751895
295519
881371
312893
692162
768793
26464
459335
287844
381957
509468
732424
316401
537746
884632
759658
115504
660342
613229
27469
100047
810466
80778
903903
617455
149591
18916
380454
451017
862171
713091
641285
709627
600648
288627
188092
934698
718201
555027
219019
777006
576986
895329
204154
192145
998159
533119
975507
279916
689658
211116
110464
631969
939942
756832
703855
704631
817758
236170
382032
311731
868477
841835
347347
810338
938011
360213
497859
40904
237987
811900
646436
782732
885959
26034
754384
241698
489938
855884
241236
184411
391237
233047
423962
128664
656892
727189
778357
644708
642194
88260
290819
901442
309782
684278
509945
492786
985924
198672
512056
56176
487522
426658
963696
255830
61970
806867
807661
919666
60594
563910
983920
138810
939601
888089
840395
666859
571150
297621
554752
847243
298206
502389
100323
314725
745263
669420
52720
788028
223710
316399
227277
336309
739915
26595
910669
598552
891390
678497
156327
77268
250682
698879
55724
667230
599636
440476
321540
23957
992134
425767
216294
700227
127830
950407
157905
20586
917302
943910
237742
858323
659260
17695
816667
717881
212412
522438
977922
963170
252157
379715
64994
218862
58857
434886
316972
562801
269005
254331
807913
880513
318218
222052
270490
55793
849155
313376
665745
517700
100090
197046
548858
681982
238066
178115
626503
797198
213280
423982
810400
348982
552284
964882
996735
433326
764461
822306
514334
647150
797140
25308
47608
603258
487608
983981
942804
602105
555531
762529
677027
333252
158728
812679
671769
220998
56907
256629
735316
135956
658471
441175
5153
291586
341023
328709
503700
233357
432691
431279
562531
546366
793134
665919
843673
852010
186466
844331
361129
307846
829616
326169
307432
136909
24808
468183
623107
891373
782874
174189
634958
709861
830708
806394
978596
166650
417038
747406
640992
102889
572540
320439
12913
563112
286790
824914
536009
237994
813686
98566
454842
379935
808533
681176
546539
560023
236942
389981
431329
523643
87694
149502
992972
959893
933339
813303
306500
562439
863930
859471
306637
661569
200780
571168
742408
106081
770277
586280
754120
704909
867972
695438
307658
362611
100194
352094
820507
770155
505972
902220
556359
471208
822927
682115
892798
358767
452347
494791
737152
151383
964077
686583
155035
647099
273305
498752
218649
868249
483165
382198
89841
672342
211266
545181
144853
78675
612981
853117
954359
715602
19100
977367
961500
324280
223009
895105
490273
509032
538144
658172
288565
513002
513429
174897
108438
64565
824677
863756
887117
792591
169110
148667
673401
282411
907555
60668
135910
735570
715574
653142
292619
39701
448962
15615
500734
716942
738457
666966
140546
794867
330059
331228
744406
108809
4547
773854
712664
976396
913447
496827
139939
179498
469158
819338
940051
193651
766788
289877
61367
262885
421299
462715
493394
689613
979552
171261
708097
36761
624605
825974
214982
819460
124796
290311
587620
173555
325428
610692
869168
178322
603996
68905
261474
551441
322028
469951
175155
117475
913033
960453
745604
254150
529096
822452
303963
625557
205818
882662
241692
324605
738337
366391
720626
511268
523595
328900
528440
247326
227591
802072
920115
194948
244226
176103
617564
581709
525830
865863
761658
345336
417968
570964
99499
950277
634430
713848
937035
616647
543352
697992
940240
628282
714333
191500
601524
531492
590126
902304
695070
159712
128584
128858
136261
921478
814493
268228
298013
526422
188447
78158
717549
480990
201455
916139
472938
477468
814458
193091
249039
808599
345587
362866
569633
934504
879904
829482
374155
731867
107145
192068
77043
765172
957952
28672
404509
109274
330312
722690
100033
55412
16150
543025
678702
312824
236339
976226
729836
464206
249701
928387
246253
49057
895997
543057
29942
489757
474721
328513
567389
38942
236318
225995
290652
25606
601423
726698
400497
184064
854779
112056
58506
71816
373881
246146
764704
62725
630177
259686
81186
525074
706580
477681
854265
980604
668477
63691
654726
685939
906157
284928
194275
38827
763142
477436
437040
535087
253570
619718
230812
700081
482275
886272
839065
985906
921413
50555
867137
710291
673105
186303
46646
875373
122473
597328
41117
209684
805823
906447
973570
416917
57659
815907
604319
418367
940077
92498
104460
834650
744883
836925
651445
590001
871704
420885
233097
941435
134453
720798
589712
88432
596527
283093
489558
892318
538299
228514
698875
914402
183709
996716
456204
929071
607840
313955
551588
248486
978309
99124
318204
963201
822180
931889
339156
334266
827767
291112
871468
722722
260369
301911
350031
397821
739746
260270
477296
895189
887618
453110
764260
939233
150178
785499
14661
497738
952396
459947
459197
93140
261780
568292
194020
297905
494386
611639
41715
700865
83654
552610
808777
82707
852430
318476
162347
281797
66830
541947
21603
783075
519714
724001
792032
640060
995407
51594
51767
272115
159597
962170
600991
52890
670390
979027
633609
646177
951163
846396
712687
758003
957445
218933
961212
981402
246768
907190
339669
352663
879651
454697
652405
277033
918751
250367
389742
819553
505138
183542
211529
210271
405112
252689
963993
840680
358500
96762
341953
479435
379074
132488
248652
502207
177623
845077
969558
501021
846140
721154
443673
664448
142620
387394
15473
169745
686327
948651
464951
989484
740791
44345
349202
500160
775788
663798
679122
819752
786086
467828
152945
179027
310380
901967
504877
617154
41155
985734
850910
568966
748013
274578
981768
776304
992499
363988
938613
968317
94183
896221
234805
663319
99521
175712
608758
976937
974451
696864
169819
804658
480406
27996
437244
954389
177929
949291
602422
52920
407235
927906
346736
915125
733283
402796
320410
83929
338979
92903
232458
666202
924522
190743
671126
624037
762646
23852
760316
566005
655212
145568
464886
178930
351097
234918
777721
916644
179393
693996
33704
418800
696404
808673
635066
196147
541048
874165
305927
690771
655691
296559
293745
552346
434857
155976
634231
79272
813439
991107
990864
578963
951402
63328
489029
118480
503998
238294
288419
920241
818128
125983
798811
646363
350963
828059
423035
751796
948984
652109
787909
565882
160142
398354
65971
926211
310460
380610
715183
849513
239347
397193
213671
314708
951241
540415
195945
863572
927555
524503
940225
235564
100270
154027
554737
817075
328454
667673
152149
956418
529931
716516
875790
827124
360162
40985
638499
455897
793243
454722
246270
764866
433405
517032
121514
650470
329169
324696
660129
829805
985198
347172
575961
970245
700180
21570
262732
676579
735463
218907
319570
564464
506233
661431
388196
197042
496415
238707
751485
541789
170734
999818
373404
433877
397363
22638
552696
348560
856162
585906
614228
302222
181400
98844
655459
827585
779213
525210
429824
97967
973563
935695
254989
566503
558601
104963
344533
182371
601956
717414
213000
962775
307708
791994
525052
815867
86373
413897
758035
1360
522452
316495
34043
602173
566966
196710
227813
147479
472979
157063
260290
807428
874308
329712
189794
175708
208945
135602
601667
973789
503675
373632
752828
401515
291073
590570
165461
433287
153565
614784
978177
932853
769398
489945
142954
73761
290350
749738
593245
309013
31845
421681
159226
10441
650135
968903
549025
2166
540509
753929
223855
2362
258666
186119
707842
913792
591372
901964
77544
427481
182713
701011
452163
648735
570386
482587
210550
837673
853546
794953
221579
524258
459745
10576
355683
258631
749398
344322
37119
940051
211473
499239
25314
39891
340737
924065
554076
650634
657544
330191
305514
707625
616437
467692
281047
442197
498100
711435
302327
542650
462538
295800
351764
790501
137379
358600
641289
324752
144812
52741
650971
551536
900670
160842
402024
554586
867017
397000
199487
339708
573300
832206
587552
187055
275291
107277
472223
255918
62695
452298
289919
796524
555402
710228
910560
223401
75082
95564
71112
203991
95573
378066
449981
713899
784343
386594
936412
530793
539629
105225
610405
665722
432925
516706
242216
547380
915151
588970
269093
268702
860438
409872
620907
374484
879964
483973
241243
803826
859233
352928
802089
160735
652864
302399
808764
361795
340146
294940
88573
699506
120146
629090
747430
605960
571454
660852
581288
404266
43609
727723
46091
719717
739238
269057
329866
969185
669071
599228
246055
528531
240577
209521
385832
800051
198498
111615
252968
96801
739012
814774
910093
975951
762126
810700
492884
197463
77284
771095
500927
511140
94319
621627
142686
153945
54588
385179
588992
135802
601227
321936
168112
228993
71963
257576
901860
690685
651891
787901
476551
273044
761490
331499
907145
225252
890699
671792
365651
435746
908508
437003
586450
887959
952425
207826
495107
520207
318106
285507
557189
567983
224728
383258
809443
490410
205248
980209
921698
30949
991194
220236
806354
304802
173668
927118
355056
106799
278563
86809
197
667283
304396
715642
701428
746635
712169
922918
340028
852327
280181
582279
796969
343715
194164
616109
237691
599488
127618
741909
628193
85538
440823
325419
851411
409102
12271
195080
359559
653544
787647
588571
935240
435466
192375
108355
942734
923896
274470
508272
350933
81013
368558
913901
354622
248110
695938
370597
633966
628902
767420
925348
914611
668887
593755
643218
643734
476643
262920
32330
162673
2836
370711
688052
782510
640626
634723
452620
940054
849941
471871
744145
811188
931118
35515
46982
402962
186064
362958
426448
819240
748438
900810
785164
464888
76689
158360
531398
679593
85735
820881
331064
90306
233503
344150
604700
267521
38927
230110
509726
42228
552445
84509
630322
954118
257259
728824
1057
917473
936537
68412
925064
751324
400783
428226
555029
471988
204316
562664
457553
393884
874761
854923
698076
351330
897801
56702
371654
738498
785793
926688
155391
658227
100759
963076
224898
686524
316189
725259
610973
884648
165283
420349
298402
511588
497863
430350
91147
1931
476202
567010
311699
960869
347833
892400
129239
721009
412478
670020
195838
90625
152271
910045
137823
579391
459288
958171
285132
738962
167680
962791
261689
23929
591936
817301
755762
108884
889745
743706
330088
926623
283917
123388
33495
740375
212811
722247
639065
492679
961036
497857
106962
256807
869224
353361
687316
97647
933006
745716
918736
381372
448236
753239
399920
336996
780424
147522
287556
502896
585427
235818
73348
406093
70816
529025
412168
607259
572557
279940
3076
8480
295997
583711
773670
52411
383036
990152
771852
267094
687949
641481
89698
897006
651025
778089
18671
253040
803800
145616
59036
581376
365002
52466
147771
870630
692734
473066
954827
395125
962398
454928
183805
8609
773088
577789
473227
724233
361340
281226
812009
389981
199371
671344
344059
994388
657211
727382
610530
476272
929846
221019
8245
302135
93627
157096
735532
543959
169430
80698
152394
979044
82398
658157
437836
663741
659610
779446
105248
16965
291386
9909
239596
103010
751666
292430
656174
484323
121226
340848
453500
974753
510799
135727
947543
616732
339144
234059
106350
659924
506655
595308
669503
774682
533641
103209
447382
795563
945934
868470
396752
70056
874951
652532
817925
912081
1128
235826
818307
85288
681109
180647
409812
400779
265935
465144
284297
674812
171452
175395
269325
182192
54394
131756
21957
764845
924161
890857
244908
893692
638372
214690
244378
321195
176641
21701
951484
21687
877009
702669
476016
253103
173702
593942
572469
454303
607421
908418
411178
334556
310855
372940
174098
490772
861162
246671
609711
878276
264203
943623
728487
761415
501729
908835
584356
849729
899836
10356
553570
781900
438495
18777
803639
307889
773553
329313
395193
837144
536421
656692
976857
396095
503535
660629
587689
607237
509568
64205
32583
180325
229152
977939
618846
669744
231664
457051
5251
36920
729575
534560
638472
131572
240021
309596
374860
560435
561014
498579
931274
978066
396977
250865
695377
721579
457742
136677
620166
715523
346093
117952
733623
9936
459061
16082
289929
755066
195483
682367
672004
867786
408045
654535
72042
407850
501730
560463
602589
874106
368926
277744
197864
360629
270350
339261
703515
255749
366684
600078
556777
331146
793246
971888
123022
339147
980791
536608
317803
206380
989601
667399
146647
142523
720754
715982
504529
652021
748180
859647
213839
830806
972179
296804
525516
185007
6717
924502
383251
234241
202205
185563
119571
537521
348890
896600
156908
637258
251440
27874
27741
480799
992403
58343
573849
843828
726675
550300
428012
298375
835916
295995
740573
944863
213322
729111
307003
958504
656102
97991
375161
738086
180391
227707
906035
918378
419630
884075
548606
768778
145675
800917
822958
626141
268879
836909
514972
412144
262285
983858
492814
55105
913669
187136
347334
683509
951976
989454
204909
203713
511657
803233
300313
253974
38128
243825
808955
938027
106237
418565
403588
963002
358718
450975
988980
826534
7698
719391
162621
272946
769289
671222
129043
201493
404978
266736
136777
349927
64847
992009
97367
502231
696373
127472
548606
9700
77460
790352
868938
283014
394550
854316
990662
896413
524718
718517
139807
973653
508754
67917
744983
772328
580543
763375
47878
846442
604522
545901
505664
733330
792578
981625
435350
371559
822280
278092
814776
890992
293369
319634
745731
486962
202185
705242
982034
973753
800190
65802
810505
448890
571393
752559
372298
463891
5488
358247
360524
688555
482162
262082
699958
137204
615261
533252
572100
470919
718054
182732
304608
271776
30937
529303
511873
182279
862720
173928
102055
334804
876290
638578
878928
60502
882088
105691
282540
53001
434131
820222
808313
312828
679691
879613
453071
998727
39070
297178
450066
646152
747702
410137
670502
505559
26119
17804
903725
335512
39540
86560
685394
737574
421088
172156
575017
945378
671266
222534
57463
866878
227583
205593
362971
718213
446462
931110
353823
213376
599008
731516
191881
698070
922225
247742
318872
417772
135381
939862
354005
994731
376443
77479
923105
574038
54917
915288
965391
265873
728846
16373
498894
175923
46397
234091
606712
589070
302212
217115
209083
578567
11333
127457
453913
755963
318411
885424
426846
150892
967330
210123
125328
592032
974770
995718
593975
25421
8518
304330
796124
677961
279305
898236
143268
358766
204215
271303
341205
294328
568693
983705
421528
828974
297776
36617
832310
558202
676408
776932
719650
690579
4995
939397
606857
143174
265424
855724
116269
759694
388121
208624
773336
836225
918993
142929
653197
782371
906073
835965
100984
846373
916561
480436
646556
465496
221118
888946
339740
544931
350853
288934
414090
492353
809771
830412
972337
837540
636953
516250
653391
146366
673330
654195
466304
135759
581615
405122
939469
471867
872570
820350
878652
665934
655928
445974
960705
237685
161953
888912
316188
691619
13639
776216
24838
227065
806850
476007
264310
927581
707184
10718
974221
858141
425913
411218
47024
808791
742785
294619
723973
313020
114320
676013
850843
500673
426399
192331
74358
894733
227335
347776
494799
691957
111138
16478
514406
433251
947147
85607
649512
551492
183375
945906
102974
297548
203410
464870
668290
751554
494954
413935
926690
123406
37176
313177
511071
535472
829169
785975
419426
445895
152814
528610
410695
649791
221846
18603
610906
493003
209427
622639
338204
51867
607090
878939
378019
165430
429903
797987
749203
151447
333355
447523
356020
710347
765941
683997
639698
833252
224806
443888
80003
264401
131953
85034
192212
58847
812878
113166
777454
99581
177194
496264
51335
763790
382928
797932
977040
444835
64058
413254
638596
150321
934187
478340
768415
163739
397004
640194
295987
889922
328478
119941
800812
670769
57199
714263
141242
530504
53642
204197
691846
234209
238851
892306
568869
123976
163923
348117
66404
496936
278433
747541
804781
417703
950849
619776
563789
481558
575902
360888
745602
625936
353140
648456
452648
580464
240853
52153
361992
64797
13640
660416
622069
417350
353285
267571
116747
752592
895724
810641
194287
466299
387502
349350
992003
504815
350151
56334
756474
2169
252645
485524
643163
583282
112313
528686
540654
222350
598976
790461
982075
967123
941599
862566
595043
674941
571505
811303
701601
444815
902241
829060
458830
522790
184101
862952
189232
549722
1945
684982
800292
995389
969168
140572
834434
2371
218155
381570
809190
531741
293992
884308
164244
941825
686204
341190
206596
675826
571884
940953
62966
531123
801623
920480
279187
752015
276271
715809
987530
616585
563230
69388
90498
994734
940516
482687
802923
67863
340174
910978
419369
955575
976037
728430
561872
596306
338421
571494
722034
907644
563758
64755
658787
614262
21621
911343
602220
867855
361913
675206
272577
887811
580506
338988
998278
778810
53224
23956
885198
834253
831495
43976
949954
212147
537421
767451
116709
940632
712083
62108
802555
23416
357268
634544
863488
733212
122246
485264
500205
700227
716658
671110
866115
240410
408995
220135
912043
26078
348599
308931
583339
175653
534350
748518
994338
124139
587456
369318
145024
859601
655830
601775
115724
232114
841684
90443
749101
13687
251163
631012
983608
994732
24117
660084
593680
351772
180457
486278
663085
69378
784141
767661
27997
373806
182565
418916
782853
508991
850117
732940
493220
473128
111089
689302
721427
851851
516469
954835
137469
283859
745313
779118
871465
93898
904910
774717
546934
235038
315912
395767
717835
713852
41135
140389
615550
667016
793694
938730
175501
377573
272003
969304
221950
302831
959102
389924
72764
907977
265680
364724
453246
615872
530625
247380
159509
721776
701423
513616
419288
124953
66949
6052
560836
493538
340157
907630
780371
122778
707482
452337
682817
494048
453255
368721
579660
394784
883571
342553
574937
471769
899781
57843
849557
785144
426495
584393
694454
966338
807297
608057
695055
303795
1008
851483
425078
537721
389840
399364
730411
416515
393876
355985
159441
985887
355818
985289
574737
655162
857704
145110
6446
923444
138085
316142
6491
913471
59229
347661
883575
595244
453510
921686
614371
206413
109960
459429
683694
491382
57297
614962
689425
697714
89434
921394
917080
718619
953657
200108
599293
38044
397903
979433
202053
395263
499258
202351
236669
728382
110718
940184
895013
923228
436279
458898
927594
909494
392096
332712
928804
289216
909191
231746
398181
676017
372758
803558
291170
415701
859108
970706
564990
740001
636216
731307
272494
314318
436085
537531
218950
551630
393372
906880
237094
454569
52581
973886
559238
79096
161018
2845
890648
514919
924037
583267
716049
192261
43680
393913
37013
190348
966822
872776
340353
289173
265862
35261
260167
490981
433339
255044
334838
18429
934597
981803
828357
256352
719668
407930
330607
779154
911383
237202
445304
959461
96345
574792
13266
911056
434261
143552
767747
154042
834623
926953
275847
674564
745314
606898
59164
3289
294921
154524
123719
613960
36882
492435
27091
42534
349085
224098
86723
21290
859993
692281
652962
945178
762242
534296
311524
326557
701739
774287
710633
774639
405529
846247
324431
628690
720421
679992
279358
797513
737998
570010
343041
213404
412874
223354
885356
92015
784556
638504
570270
999250
118249
499643
534798
231760
413828
491506
336570
237447
795139
339763
846384
753060
4243
363653
628858
642827
387689
449358
152142
628653
506930
570107
719704
478698
991306
915455
58369
780399
872388
259835
89609
62894
387088
680698
68815
323574
267965
451820
863712
575647
762697
150285
879914
285200
418876
734826
153180
487489
809115
482732
170911
958877
30265
573027
318006
965663
959706
187115
45353
163304
205511
358919
43868
738838
481274
755613
912391
913957
678259
704817
462142
966132
251390
700403
546670
640042
844802
655235
523875
154333
845186
704431
739360
460754
764689
581860
248455
113531
618985
152594
460316
473498
469829
740803
828600
371365
459571
162881
67492
749388
988627
773535
695857
909858
327806
483482
692735
276
278968
743663
536931
73333
956341
918619
502200
356571
590585
913416
973407
20512
30201
577773
499224
91761
990678
161686
859664
387942
235449
848094
397534
957213
232656
600367
427431
946032
746183
11280
595878
134027
562035
131442
760441
609514
799754
775830
624596
831142
45003
326975
182731
707728
150616
396635
377990
571718
72704
651757
261496
827254
887057
688140
152416
208891
271842
685743
599227
210567
139303
817887
253287
573219
718514
489294
63073
420267
488002
312563
830282
246773
39416
217571
480325
480964
389732
275093
514591
110812
254677
631923
200684
569764
291213
733355
758114
999567
668304
3389
457707
246191
830735
785212
839957
406329
30760
354581
581066
89976
386268
687882
55063
298595
777355
938463
446194
601717
208048
653016
679915
133660
957291
591478
630752
882816
835086
519139
894195
244885
347423
110266
473613
704546
648231
284438
337856
841650
809679
532520
35712
882987
788324
582773
182858
927290
103565
514261
174206
760175
358512
273787
988261
26037
491007
377520
813856
284524
832093
888033
504070
710786
465992
185004
652804
624271
778031
336697
376817
817041
380369
361136
481582
935701
898731
428253
336798
514461
135755
809973
721331
219018
815845
878315
455320
99273
344797
790393
723428
418977
533985
731132
682765
43797
838500
405057
330705
220139
4204
630982
234745
284103
531761
684697
98123
668147
461064
817291
256337
831218
577700
734947
974958
582273
293060
190682
754029
988802
362225
941914
349302
251649
767525
596719
107140
457107
685619
172315
910702
29045
129814
931838
901950
387214
932717
912965
706151
780155
596679
209309
292903
22466
463748
241651
291467
915865
548407
881566
631637
703132
870258
755683
310472
334392
573005
770717
633801
173016
439935
911249
899414
918498
256506
72710
752950
320885
872115
482837
113661
958819
543893
759227
685193
376451
373253
455728
658533
546614
650165
274600
796882
87145
629343
579259
101272
450724
216146
26704
824558
793562
885975
530397
217456
698805
686151
659602
814727
792133
463702
148001
787277
92833
55113
984843
900671
698499
774540
329847
359249
626016
848894
741219
615351
86973
409794
597257
41269
609871
102368
17729
341160
375338
764258
243859
263324
151445
982880
16580
802801
443125
304683
985680
66689
306333
524032
70854
34856
812037
712725
476759
892860
852420
776779
497888
166108
30597
71634
732236
882553
426998
145940
82659
5324
495702
506595
888684
372025
960009
995783
836807
582040
659104
560444
642340
293455
939701
158355
397186
198709
166780
811370
964388
386998
358587
148476
628572
736295
683246
795845
837664
158463
295221
358434
979165
716066
114934
224028
295218
182889
660303
917565
4902
86008
420327
826393
974605
403497
786512
433485
738877
574337
786351
168329
635249
851372
653517
343877
557091
166839
440470
595728
636020
14357
922173
63437
145595
792936
900775
559602
281377
637315
96378
584148
255678
61821
691410
319177
709024
535997
776794
696747
41736
465830
532234
255055
640915
63972
680116
405691
770604
806926
631859
476531
277628
28222
634776
418102
315509
52227
710224
805889
96760
745280
912560
980581
330199
99081
968042
295931
410292
300233
918303
551146
660357
604341
764100
411262
137351
63818
837279
422199
911796
353016
712030
154372
658543
252849
982247
714781
627668
668636
643493
837297
809460
613147
734496
975191
290690
613439
745995
453757
349850
965248
639501
269219
202098
976010
642373
580567
762207
920254
577991
323212
471338
185782
572089
133940
31006
22673
675671
403408
579365
460310
149826
399326
613002
393427
944455
960467
46700
723642
622816
545383
70044
228925
948582
809558
361440
28980
313491
756949
397432
574742
98496
646433
331306
940200
465757
697972
73590
959742
645955
770379
627597
649782
885631
152968
562604
320069
772272
800660
623514
999605
999187
813172
313202
646155
145635
617605
719172
354218
743464
533618
479394
355271
715701
116116
928063
589982
259949
699563
193175
379742
850082
685232
557669
894094
581050
823250
475212
254761
943975
209226
306251
580763
267147
567355
810654
281355
331262
590657
366051
805217
533944
683620
302372
39208
762342
401745
424199
639266
635989
755523
730036
813224
898416
717115
563086
507747
349431
757116
849496
321667
225474
240188
869115
221076
992032
585359
585983
150328
80063
363459
324439
71777
547324
927496
141675
56860
151101
101096
289009
747085
766669
936846
491555
898140
463609
630970
961034
43356
820577
182461
319721
964142
621158
493023
340217
428385
149731
809215
47129
140574
503257
988793
463446
282243
232891
540454
889128
528916
633808
226489
559793
845957
138719
981297
404223
898941
627879
203195
759190
469611
734199
501970
176598
330417
617461
474247
27417
366201
429204
975464
292895
321832
863774
91472
66247
701800
670970
285527
304144
588386
27651
563715
740703
117192
663760
100868
385264
402203
162535
531473
28148
428927
417335
411665
815599
183497
38470
601024
746288
555735
273022
95655
23546
881585
683858
51448
819001
593903
105550
704033
766243
66924
649007
62042
464179
395720
828365
287852
59158
22597
8330
108651
168688
186367
275058
942231
785917
278999
388606
960501
321829
38667
201004
917429
225884
515122
981804
723681
871464
51849
282956
396660
889776
160590
911027
134762
248182
698000
44853
435542
107441
314106
591783
95862
663317
239620
377223
721701
460237
678616
670900
92587
893706
599447
830816
419513
245159
435897
485989
194293
817342
39599
515113
523438
478445
679308
903010
117308
688913
863831
628983
300115
913240
674074
4325
284822
354427
860488
484154
342884
749845
103091
760592
365129
97069
670700
275371
393480
365855
369531
339824
358733
953242
353000
693088
468131
948354
468670
854647
412054
207138
115660
894911
894627
122734
983754
470480
461970
612332
951218
90569
968390
211854
892826
672294
203763
495014
305038
63807
123660
798699
61910
778862
29652
477729
919185
328093
444210
994158
653582
385433
232640
684708
858273
674460
140091
800291
103325
825387
610424
298209
192854
41000
958235
468560
770515
699182
194060
538421
167670
866903
591678
866323
665554
772568
424667
223240
768187
613313
676167
135563
96638
467874
724669
445365
905005
88883
367115
714005
865646
218124
374671
639231
917376
521510
496459
851363
403766
623
466067
699504
489152
734109
370137
481435
111812
337794
940863
602692
545408
60802
822630
486993
781966
314456
447404
562185
824273
983703
225608
565993
689979
750202
471551
212159
119005
735765
965220
467754
751732
908785
139566
410319
309327
736547
228836
219262
804678
170123
650303
219176
968391
673046
154597
713982
29792
986798
584895
258490
84770
819914
831302
595313
970186
816719
297058
373237
205476
301994
140840
300519
88820
832493
921621
446308
469384
806673
602668
545704
515570
458718
493196
955465
442059
791747
160241
575724
939436
756850
530638
54300
366136
2497
931019
840785
160726
305418
428066
124394
955776
173061
36787
412938
892754
146174
487826
559731
316517
194669
215981
806661
53129
131904
828698
608358
296295
807332
973522
263747
325404
633340
171379
982670
344244
994981
873662
266314
381887
693379
952298
946142
51991
626402
931528
110476
51577
673577
221807
602349
569996
399299
355173
85849
359918
765812
165
28325
970096
847537
203917
718242
375222
460167
125937
882834
900671
800020
40508
677542
421035
262133
761143
642698
93962
195340
499147
684047
207366
236744
108452
152749
829363
960888
730235
10742
98320
598490
537268
524308
888691
395615
901035
367533
604385
469807
741796
870245
467908
904270
503455
547849
216494
725644
862000
415163
18261
987099
414824
707049
807306
697353
936100
837257
855646
261874
361230
368725
519018
65870
856205
28323
334615
97852
521691
820067
170398
709533
68313
510084
47380
902896
617054
441297
411006
763721
591943
666547
913292
3784
224801
246637
228658
957912
482792
296698
604799
325874
912172
947947
810752
49041
500592
116342
278406
313569
406954
722418
736274
560510
309595
679270
293057
826860
363329
43397
882543
860329
837462
52453
779350
453991
803821
256889
176858
183147
377268
809883
449175
474496
607208
463565
249188
671598
972882
500380
220620
618580
595804
196664
229440
299148
283513
881854
926885
481454
996439
715046
214326
41481
45210
723427
212310
743810
95352
24382
129541
76798
930384
630813
313560
189719
246424
213491
603540
187434
715966
61071
427711
424820
894887
394942
416508
156395
252549
792320
923065
91276
626875
645375
572527
3294
350314
79664
356358
920469
824761
577757
822757
806980
942594
36909
198649
66859
805642
20444
637652
799214
596600
380639
369113
504892
166100
810880
278136
67840
142463
390533
817720
789570
825662
984015
728849
176160
524438
572356
409422
166509
576761
160531
341322
380928
507721
489366
561599
434857
922688
38761
120589
396117
913664
25618
738951
96963
59366
1167
683543
852380
42588
63196
334637
561459
524344
326165
915035
241428
504140
913920
372421
951004
327357
773532
922744
482987
922587
111760
276337
794501
255814
758090
52217
386726
115495
976077
435567
76197
110506
989230
479901
35170
347197
915311
559575
562357
651993
842470
732436
357290
948699
897560
250548
712593
526969
450590
449584
398552
883235
528003
830386
689858
396929
330816
960049
678859
306330
81663
859385
499077
668295
863777
706063
112178
972261
776890
361761
401647
262060
501207
575777
823194
346183
353167
533276
661424
291029
570391
456011
438918
509431
20716
336143
446256
58541
869804
679710
811721
553795
907395
19107
838903
844759
620659
650253
405145
440892
505252
152683
48021
565919
743035
858256
212350
607677
735191
290580
958206
129178
921409
871274
217473
553778
864146
132083
508054
400084
349953
332111
238580
713608
51225
467458
669965
806709
933616
714334
40988
835972
101657
476854
568946
542436
440290
289043
936572
581027
676227
768252
826234
627534
20794
373744
872242
827953
913602
683153
993444
899078
953714
207800
847048
993689
129367
900493
807129
589521
249902
117287
627174
890142
848446
2837
831643
532531
603700
180455
341809
663175
109016
748996
481528
228711
281707
283729
396615
706860
265399
610149
83305
795210
809688
432264
151288
644581
301492
493287
648320
334342
99872
219486
246498
816092
867452
838936
981004
709359
584004
786440
702853
55716
164021
215734
94680
969327
212410
364956
436217
406381
187632
669803
260264
291324
544148
816331
640149
131786
440336
478881
828884
855003
879439
779519
116755
831039
734034
309585
917586
512940
466300
250663
867094
269555
214478
665162
90403
643998
686149
537165
478036
90974
397829
66059
94202
369431
186646
891750
452400
383901
887062
118938
334286
488306
135320
647013
976709
678617
589098
939006
398781
832426
412084
698452
388089
147067
110881
153007
340195
304928
465505
543108
797523
25614
342759
279601
936798
2787
566650
151700
109838
891300
991038
369245
635510
97641
251010
144563
909182
846765
609043
654226
799421
598693
869772
43551
193970
420906
751782
507025
39161
304544
79992
111801
755097
785816
579598
353639
760168
93279
513678
477160
833763
793071
453160
663047
401678
818510
584373
91920
823311
424077
38893
240213
661981
332016
550536
611038
636958
762232
164013
420086
631895
415659
675726
232872
734544
665254
719587
45462
562618
880539
686829
792121
457910
906651
724960
986515
875868
33711
633428
702052
343177
747767
458551
879642
293856
869410
40097
635937
258205
883278
222067
583905
614483
693743
636900
87905
920708
626619
383417
800509
932572
763147
751779
26943
79031
666006
930795
657083
105364
590750
945790
345185
494086
650909
684576
419972
499695
982292
158297
668902
393836
151758
364062
622872
928499
775702
969076
321537
357034
599064
10327
493405
47733
351651
483355
360266
985342
760824
597506
610912
126915
357605
347271
301323
838853
261862
241927
789782
298760
53121
148203
80866
907407
700468
170521
445665
472783
131545
739812
30630
655775
439172
660278
396789
976347
565074
798155
250720
719158
260993
980158
246727
167052
567098
128295
788271
660571
418177
180585
862760
872863
553155
105321
557616
199339
98120
199474
332988
877898
224081
120314
512933
191075
360336
346286
901621
709501
937661
879401
448169
775261
872618
97859
678272
530478
857581
252005
378807
858496
965399
329717
187290
360933
518703
784054
221630
190565
180104
644445
462453
251883
483013
666399
336448
439062
488797
283602
274951
941067
574896
232265
233854
402186
755173
511043
986387
644067
683576
266509
674782
463493
558161
191299
418607
4568
636900
974047
384610
213495
81418
620125
202907
940203
595616
175206
848720
81632
222424
671615
780175
88160
444293
895547
898142
351032
904598
968535
354164
389510
834613
180402
907080
154258
129334
756735
245585
301955
114790
980728
411900
743117
890132
372733
316590
87364
29643
738415
937883
89414
126717
684197
14615
144974
272844
774719
524061
350105
277414
836409
917015
113476
900656
626463
526186
734298
29448
866474
678860
894992
392881
360034
741144
8032
548200
562017
914384
236507
395971
479883
440723
316048
267223
701539
674683
747960
140710
50059
726430
710517
716427
283705
788832
271529
913021
869126
865289
317822
308190
576661
891423
132510
658245
224999
733794
72226
32014
473653
870759
92764
928007
696357
588086
90185
203860
281965
556334
790052
371802
676053
619167
220079
958937
601278
677600
223695
637768
575981
143501
42464
369503
409998
289563
448157
768159
743319
631293
223789
724781
119102
132838
219324
621056
472498
690083
860069
264344
903699
566642
471601
447584
703382
571111
802824
903581
150165
845108
639919
862466
310361
622166
715424
210004
348924
86893
172685
693844
215067
544660
591922
908687
598367
704071
182959
420585
461980
103124
968847
320176
597801
642961
437983
217618
449668
514092
107259
818169
422911
978290
820773
635836
123888
804597
38904
975477
427701
811346
94059
102809
152855
462449
58127
186713
754152
458877
807200
236768
915986
930304
383038
401132
684345
841747
150321
978424
764755
792089
478129
340817
548
576491
850514
798506
14403
432225
340161
555794
732482
76120
446216
716839
666200
927685
629446
716922
406180
547967
921576
800505
85769
134368
678525
219392
753623
615064
774634
292397
990725
250142
946880
799014
758417
131865
267230
443430
411532
503277
449213
766979
89443
883798
33484
664368
925169
579239
101762
425186
487210
769311
89153
495794
923237
88001
829880
152587
948721
678639
760930
686654
371721
408288
337585
381400
997441
572141
117693
91203
446657
299523
565861
476574
118935
430
35821
870627
503659
775315
936428
463778
885858
843622
981606
9382
710574
498229
809462
373051
649442
292150
526224
116492
753485
685762
673190
598520
755702
36097
104024
961115
569774
461529
913150
683148
905660
641867
681625
518061
801377
14611
548276
140559
763324
422253
841278
979457
765526
474264
29401
705286
607831
443295
543501
507971
44545
752665
921986
96829
527887
353466
29712
135244
620700
363941
993893
29814
926820
12269
692541
83778
435671
676737
982429
580082
894888
102011
52305
627812
264828
652548
576584
212897
844912
526642
768263
807240
425266
83590
796674
56688
844864
352172
502049
185970
980211
818319
772054
849173
932590
283098
978724
476553
98637
905757
867785
90483
604998
128367
26049
639075
96324
99462
304657
168365
385087
307473
191091
450204
434128
350294
304392
380246
582633
697420
845511
509218
776082
997424
578378
660816
950637
646113
1744
826435
62916
959655
466872
931304
815838
937409
317745
118931
457293
923159
506354
948781
155185
963657
783917
293574
67371
58226
416718
295764
961589
413574
774795
622496
903609
413235
360572
156262
794852
249858
344009
780907
345729
97702
384693
858387
357324
459809
551315
186855
697416
956670
486152
873527
110693
799644
966291
704144
868952
494044
657936
338581
934058
132038
410950
937047
577263
361231
207461
359322
145191
542619
897642
697360
366496
845949
588081
74970
723999
511964
836374
49027
858587
278022
54142
65329
735105
964193
476560
63817
242572
511005
898980
13572
511425
177409
412739
762819
873915
272388
656395
367038
883181
703879
272877
468331
142365
130927
462174
180463
366617
734592
646801
503191
695815
969664
817405
656814
313235
144937
508064
873113
96721
106264
800256
95317
906688
826508
244472
376266
20408
325709
535961
663779
615460
409906
504783
105241
657789
527980
261541
368672
408392
637505
11803
996947
44639
542692
978498
962961
625112
666183
132778
753135
363795
313445
917112
856176
120051
770036
684243
248593
996926
9533
545879
545000
738537
564301
165125
466611
227490
274346
693788
518822
542489
60040
263839
405452
457254
590584
652980
918676
678931
285000
718596
954102
974303
829834
265891
304678
960690
318088
294836
293560
951684
657496
466424
477034
806900
299337
542520
989036
92326
33253
773347
815766
326057
856229
15307
868147
628953
254615
676226
678267
954971
401723
904531
252548
812074
23659
85381
804111
766158
564786
529761
511694
936153
533858
904275
778289
267480
238618
34905
764184
177306
659168
792730
36147
893938
187941
115943
405726
68058
172468
591592
288140
997190
855182
139174
104290
800724
724376
275339
943407
145904
83228
115459
762449
667721
367646
408827
976525
848682
520129
283832
197223
716449
718065
380578
647685
11402
847752
432333
305418
588982
77482
161083
540372
808061
772748
782948
472357
694987
716425
428268
39681
103225
514880
774900
677090
930648
174398
94754
120417
509346
455345
523556
24656
886222
964146
870776
615869
115955
652800
460833
792589
364730
961334
553584
50589
637244
907591
467771
819808
574395
898384
579701
665173
494837
833111
150567
525368
347717
791226
268295
92346
162186
608416
328140
617311
120969
45447
964664
302466
896626
910350
351604
910087
270232
343332
200194
642602
448538
785578
352000
920116
155782
61139
835704
825922
989149
522344
323755
844785
955967
816129
190293
702751
406725
479911
624449
995917
678699
671225
349287
461410
982885
933754
184408
960044
221883
254958
673280
183774
710804
547154
54102
297687
313838
384592
954012
765467
94401
450036
861814
384567
932525
984421
272865
73129
908323
330074
227943
868987
827803
206313
925745
876755
121282
584637
247474
449157
198432
551316
341697
436999
251499
751010
261269
581907
399952
721382
872285
877944
866623
385027
341785
657903
